Ridge White-Wine-Quads+Ratio-Scores
0.315553656608
-3.19115396323
0.329100490295
0.357859948852
0.186892258551
0.185771896758
0.371843076026
-0.0810590066602
-0.413122861986
0.310195874199
0.111188167457
0.237315120485
-0.348968878844
-2.19399712676
0.180808204061
-0.131198107704
-1.70664373013
0.338354883689
-2.09266943806
0.391868254999
0.385661723961
0.385596668726
0.351296047019
-0.00240588851446
0.365740885933
0.308062270307
0.344091526105
0.369964502271
-0.159593026502
0.264412573821
0.350225794202
0.136777681068
0.297654749257
0.384721873239
0.353496058108
0.350930688933
0.321587315525
-1.84829191503
0.335513150772
0.174646527159
0.224922693026
0.211785008195
0.375560671461
0.0576819503415
-1.17960072997
0.352755520748
-0.329853842406
-0.0539458949983
0.161343125283
0.327429011755
0.353841473618
0.377764629152
-0.079444121434
0.363865235642
0.328661603678
0.363674540065
-0.293785848832
0.326844101092
0.363555839571
-1.47035881676
0.372247030814
-0.551842898216
0.287444106999
0.353082473013
0.379951756583
0.151771461115
0.316731434791
0.325946760608
0.313363937526
0.371437688267
0.375531812608
-0.666468912359
-0.221368257791
-0.0297501908665
0.415616409492
0.423150993023
0.308263006816
0.319792708476
0.326961679431
0.333536494769
-12.2391143662
0.365248952859
0.37489685844
0.322768001122
0.317922119545
0.363601034208
-0.258740781562
0.0209562721765
0.316101526493
0.339745290538
0.352078425272
0.331516669426
0.347156437151
0.336196550085
0.372951730797
-1.20449956235
0.00133024932141
-1.08417291361
0.321314499082
0.400735432794
0.328016867429
0.117028811388
0.380167257882
0.163714376096
-0.938399239866
0.151674309564
-0.790241516045
0.308325985716
0.39555611415
0.104466078078
0.374459114935
-0.158835458986
0.103015239883
0.391009509445
0.364137626741
-0.466435371049
-1.63972767055
0.378914487494
0.354231625124
0.350115945353
0.362713435445
0.324681354469
0.137300964942
0.142566540554
-0.941212620376
0.25627063026
0.352809794572
-0.0209308910223
-0.135650849448
-1.14995459113
0.390036797552
0.333896243892
0.336407493298
0.346026459743
-0.253886922784
-3.52190885035
-2.91354676605
-5.6824026017
0.291647709485
0.359919270851
0.365044275315
-0.236367405299
0.352237169621
0.333304894087
0.278436316503
-5.13311158522
0.261860743365
-0.628542325423
0.164007447532
-1.94150229147
0.377939238381
-1.26715821338
0.2981757971
-1.36445657057
-0.325364125357
0.290119943425
0.327016358686
0.392138461263
-0.10854577373
-2.42763964063
-0.692825290636
-0.917715571229
0.121511333358
0.35252748975
0.374890601084
-0.332253893765
0.382663788752
0.347178945148
-0.282546827289
0.334251174813
-3.77645779518
0.414553952623
0.31463462914
0.0499349986626
-2.12283804363
-0.399077362962
-0.0813429318383
0.323277551454
0.147140324053
0.358760528108
-2.67895599817
0.353536749727
0.155811908347
0.381077180134
0.365412141462
0.329230506302
0.334151729373
0.342891088406
0.30725887987
0.274592342654
-3.48880463111
-1.22102184745
-7.12995792179
0.359086825863
0.211847016639
-1.59575640572
0.106643148077
0.270235991385
0.380268563213
-3.07378182236
0.212701156772
-0.296387639917
0.00116765735313
-0.807974864928
-0.181263772921
0.354347626123
0.345361718386
0.382919190954
0.359520867525
0.284506570849
0.379688804733
0.354860809155
0.351610816327
0.046316490196
0.373402491543
0.31902054136
0.222506512997
0.289598620044
0.315243434127
0.32157792164
0.213945419762
-0.909865558838
0.379364866038
0.385009077855
0.165040992079
0.37436622727
0.0923281255077
0.322809246414
0.264025442212
0.345943789283
0.403177194073
-0.0581477149483
0.340010045171
0.24839423814
0.38121885934
0.353526429957
0.388469297519
0.315365309717
0.266749572635
0.395287191094
0.346294918941
0.316393418348
-2.76642590602
7.33277949949e-05
-0.715724802046
0.356638028039
0.345710836866
0.372581029072
0.265893538175
0.375396210377
0.362926472565
0.370908523401
0.266462669667
0.382191221133
0.377378833956
-1.96500349882
0.136878651516
0.149989671106
0.382057340471
0.348863016374
0.348307394898
0.341833901581
-4.00777244445
0.312505934045
-1.01448675482
-0.245839670224
0.383020556387
0.281771470992
-0.0208421281129
-0.917222304323
0.285230784226
0.272909066884
-1.12215497781
-0.172109982465
0.377050898776
0.146001415471
0.379004648018
0.0846106170325
-1.7108313192
0.227123898177
-1.63335515305
0.334105543199
-6.03623542951
0.34737765524
0.359685405041
0.380221163331
0.323053778129
0.287797108913
-0.0971186342438
0.372624224445
0.340014641017
0.2532952057
-0.942056990898
0.255724680463
0.291094225054
0.37889557855
0.212752903154
0.378641337115
0.375141203102
0.396402801139
0.326004516953
-0.915709989609
0.274529853593
0.37415508497
-1.32627218544
0.415667860111
0.394351490874
0.385790082339
0.345873697245
0.395981364293
0.346033999598
0.360459701596
0.334488749443
0.393031365608
-1.01660440345
0.339850052706
-0.0578772468202
0.370182039229
0.236853181023
0.376961730019
0.373126957965
0.279999394018
0.344460389583
0.00911172456782
0.20208831549
0.333709186606
0.374736527483
-2.46210723801
0.319902965403
0.241922334378
0.377666051481
-0.0460447239704
0.368983209374
-0.320655826641
0.370259873362
0.376905911042
0.0502532393391
0.315187842781
-4.38127050146
0.201849875125
0.311968957269
0.327287149253
0.276739810126
0.366051410756
0.369480790553
-0.453095074766
0.366192678622
0.232685193195
0.311860606256
0.152366763324
0.325489816962
0.350842288797
0.252405420163
-0.0677236158496
0.0895283241475
0.374046759869
0.344645049312
-0.905539232775
0.318802599052
0.383752671931
0.33271762803
0.246103501376
0.333621848047
0.132245075513
-0.297190020039
0.38592163725
0.397313563803
0.37874908725
0.357981435516
0.323476641
0.336714299394
0.0814570747601
0.35324596327
0.0175296328406
-0.660142273579
-2.29834002899
0.332337363948
0.181861287981
0.381376103296
0.298400714831
0.33109320243
0.307572163168
-0.502316688283
0.110762687639
0.3440153121
0.139175185621
-0.0223661315309
-0.00770963745839
0.370889448137
0.0945621527208
0.244886327596
0.167927393645
0.309082675959
0.0507612996836
0.392809673001
0.309098955055
0.309945703257
0.321337788835
-3.22467347855
0.328676473322
-1.41480819722
-0.135997808929
0.34796659052
-2.1527380711
0.319766542632
0.350766953724
0.383174390057
0.414736302982
0.348925046231
-2.02947231038
0.325775352158
0.109978038304
0.343662944912
-0.0443820617189
0.382781210964
0.0595814437879
0.318489053578
0.275888969015
0.403680848388
-0.420408029987
0.361685905074
0.119714833993
0.387855080742
0.379924655942
0.344999347995
-3.71288237943
0.346228216248
-1.28602882334
0.276132089535
0.302678056943
-0.741471587555
0.33540777468
0.156116807637
0.0283745862055
0.335351296458
0.353719977662
-1.24836901087
0.302559855407
0.361341804832
0.372128840019
0.326296062292
0.103978305626
0.347824187755
0.0850032159472
0.353673121313
0.283416945794
0.0643501984296
0.40718459152
0.192422562719
-1.63306356682
0.371270284592
-0.66414349316
0.382975174822
0.355039718076
0.296659437856
0.317465675216
0.333323443878
-3.69025191694
-3.45114706749
0.178338907341
0.39094041279
0.375514552135
0.333430931927
0.38275846618
0.37811844954
-0.823454419865
0.384246791328
0.103513355269
-0.961818903319
0.337586242606
0.040244627524
0.0233171856718
0.396121827148
0.361129889377
0.337454535169
0.339344128468
-0.192704057726
-1.75049604335
0.33100458791
-0.0474596805483
0.313018221271
0.317255813386
0.336582895056
0.389527268411
0.359132680245
0.367828919365
0.315404328386
0.363540842622
-0.114480822416
-0.1346216066
0.255186638636
-24.5812252203
-2.91754178787
0.35886676055
-30.3708453675
0.113882784003
0.385937456597
0.36110330592
0.332950996109
0.0118477896148
0.367757291352
0.368671966674
-2.18856202434
0.377997097832
0.351686908662
0.0602163879303
0.37290211355
-1.5288462671
0.365614395798
0.1722486073
-16.9486537185
0.199345837287
-0.225553614393
0.25889241626
0.216763025439
0.331009830412
0.200490026282
0.317639776428
-1.08391590644
-1.71347838891
0.073273614109
0.366360303516
0.357440604112
0.354821297824
0.330254716055
0.250388998159
0.360757297558
0.371551908599
-1.9655205488
0.351717021857
0.397232846955
0.398717504715
0.371092240271
0.337664532104
0.294507806041
0.351833236243
0.196372680035
0.235379875143
0.29069785212
0.147719370992
0.258752212752
0.241785328608
0.353063306885
0.298537176538
0.29825075803
0.333562900713
-0.777215633508
0.139938480285
-15.7211337357
0.28350572122
0.273855429842
-0.0258052036421
0.344120294642
0.366479611719
-0.0712036875392
0.379536809999
0.0313482981578
0.313759109078
0.393353702489
0.292641289603
0.281220512363
0.410531898553
0.357970735425
0.380043702353
-0.154023913154
-1.22741913378
0.338327726983
0.367346028816
0.27550605307
0.377254548595
0.362639436744
0.314527585607
0.339802505329
0.383986665883
0.358033214908
-2.05179688497
-0.0413426429852
0.397969345469
0.326194628512
-4.29238080649
0.34833105897
0.410706710299
-0.835237820674
0.362740643966
0.31139649046
0.400077714113
0.344187661241
0.364403167993
0.317196549735
-0.689122538808
0.365281068031
0.36796925206
0.355448293002
0.370968917489
-0.0474266644376
-0.489188601765
0.108749045207
0.345369421398
0.373555186411
0.319215439648
0.334703781468
0.086224958749
0.365660873028
0.363354716694
0.387408098455
0.0724752487604
-2.6591279665
-0.310828696836
-0.445501508757
0.346705806737
0.0114695450789
0.359272791303
0.334586464922
0.321500158429
0.369029844109
-0.547871362198
0.0613123661691
0.222712134234
0.325800716324
0.384993082206
0.34930240134
-0.534840697355
0.308396488811
0.392881342973
0.416957112513
0.296721089075
-1.12254521369
0.12368599886
-0.551022184772
0.24793769367
0.374149164669
0.333490043416
0.356833807281
0.116157015739
-0.760233788004
0.384796135905
0.184234197857
0.0785970658883
0.12539527654
-2.06918313617
-0.195980759919
0.10571444083
0.33981680834
0.326706404229
-3.21013868463
0.395603795477
0.347707800173
-0.838449306927
0.352067491963
0.330228173056
-1.19224467219
0.396034343931
0.33197804071
0.0204591699703
0.38345277293
-1.8111887466
0.371825916797
0.222250543996
0.416808710784
-0.0204915102873
0.0880204751792
0.345188410633
0.17294214603
0.309923725351
0.351925308216
0.377662416388
0.356200878324
0.396138208025
0.288729723062
-0.112894158812
-0.264378493614
0.0525018128671
-1.05503724521
-1.86030176816
0.374078683134
-0.0693091289735
0.368444454198
-0.0832803462042
0.335544996725
0.323454586846
-0.520212003416
0.376817190813
-0.874525351763
0.324890570282
-2.68014881352
0.365986900916
0.315505947553
0.166459667883
0.365679303057
0.361587562807
0.376985212488
-0.199174939792
0.332008569443
-37.3717178276
0.22043580291
0.361534041823
0.328772786475
-0.247352279049
0.0307080578859
0.115381010877
0.24479292308
0.211185228044
0.210182660682
0.266034070373
0.346135453087
0.0556587245202
0.381784615719
-0.218966398676
0.176538564544
0.325828122854
0.0930486931901
-0.14138313116
0.330396662651
0.3736781313
0.325717716794
0.315683309341
0.25208998212
0.181900240037
0.382528098167
-1.38426826765
0.333250063717
-62.1530702297
0.130387859599
0.326387900595
0.230136866638
0.364142578082
0.350653260047
-0.0852688090968
0.376409364638
0.321097536918
0.329254013045
0.0396278087372
-3.45422351759
0.37249878513
-0.640098195465
0.356828820379
0.357400906233
-0.0159428388676
0.306517899775
0.388264374101
0.371598561158
-1.83762285736
-0.0675583267117
-1.73159958041
-0.128521641549
0.214185679734
-0.0195182013979
0.364131077287
0.190868148522
0.358279948278
-5.60149431883
0.337529055568
-0.0573137566879
0.219676475582
0.345751233597
0.308560541011
-2.34316849086
0.35212218814
0.333973580137
0.233417461596
0.336419503386
0.370451789369
0.329868287025
0.365782733243
0.362059466631
-0.357713668739
-2.7065015575
0.240097218433
0.240701647188
0.344018456682
0.340319550146
0.342110005787
0.09095043938
0.337123325964
-3.19510717039
0.359952138512
0.366340496487
0.343419566862
0.367860410839
0.41158294584
-2.28878984263
-1.52186863823
0.331453564549
0.308546980864
0.328075514985
0.334511763757
-0.709286447377
0.379219148192
0.278016131
0.379242539209
0.385725399151
0.285743455013
0.189128117049
0.361069938197
0.406058943113
-3.60769613794
-0.110374630484
0.243714711725
-3.52073861771
0.324460072052
0.147702004655
0.354193730614
0.1136635479
0.372364273781
0.378232266105
0.362073103541
0.362600554714
0.37319132623
-45.0330332262
0.309451269077
0.34281114914
0.327005826224
0.311033637027
0.375918116277
0.317377473593
0.356511079613
-0.184089680902
0.379910759642
0.159675599394
-1.48006224383
-0.244160825151
-1.42079884583
0.375814904452
0.349344368366
0.286495751204
0.366378646571
-0.64326749937
0.262182728911
0.359505193026
0.285643044814
0.359540387569
0.40396928959
-2.32157578267
0.403318904311
0.37014411194
0.111630592801
0.384825772924
-0.671927862408
0.336185753951
-1.07214221637
0.362358516588
0.108645410771
0.2241878814
0.294693347787
0.359238527633
-0.0036867980266
0.296803666048
0.410991751217
0.338606993378
-0.0366320646273
0.289099886618
-0.708469688169
0.379320998752
-0.611288746274
-1.13435957687
-1.47772366397
0.394185756324
0.328546963196
0.381373420593
0.152258243572
0.409188223636
0.342166826963
-0.699904165187
0.332968981115
0.370766948185
0.144823042551
0.282972244101
0.274426902136
0.151253824019
0.332120483822
-0.115299672049
0.184714020395
0.268234482401
0.350900166694
0.331985146842
0.350791151947
0.319648453916
0.389226178502
0.375050607795
0.377564067344
0.166976444269
-0.12384033895
0.116021236206
0.358922149164
-1.46323864315
0.305868080108
0.207784205015
0.382548473159
-1.84745105626
0.339700510338
0.372067539396
0.386800209504
0.0311738920573
0.338977709564
0.364667666766
-0.603718937506
0.362281344486
0.347925534174
0.357322770135
0.215507623836
0.361899487011
0.357998129702
0.389995259144
0.316198324361
0.349437880322
-0.190378920023
0.403044487633
0.337430476319
0.00969068444592
0.380794540426
-4.95356942821
0.139890363833
0.237235052135
0.390433042626
0.0507762205824
0.326479784795
0.355317330233
0.403550657505
0.0787409552744
0.212836547764
0.118530543248
-0.516679117829
0.334981814836
-0.180272670215
-0.523373965046
-3.66834279913
0.334077608542
-0.0387529153658
0.359197444621
-1.61962221338
-0.61843221118
0.383170122574
0.333503415834
0.365705955524
0.282410727614
0.350836995783
-0.0409264542977
0.334828361938
0.269578673896
0.217875117876
0.395641906017
-0.188314329764
-0.490542283705
-0.402994003552
0.257798286716
0.346996286504
-0.112556298519
0.358238254281
-1.80749698074
0.362265577401
0.384732788243
0.365480512643
-1.01795445331
0.365609790418
0.338762835093
0.357660210264
0.222528506869
-0.529240969697
0.277811806085
0.327324492695
-0.244116101683
0.379921476585
0.356959965735
0.16205700844
0.269675747774
0.400502801054
-3.39033417972
-0.0314602799415
-31.035928388
0.336699934453
-0.128124316872
0.256210791646
0.376950450549
0.062262156623
0.349567627951
0.343707014116
0.309841917731
0.275412475217
0.362148213902
0.354776210154
0.257174548604
-0.71984926348
0.355194848922
0.387672727907
0.241733666888
0.316529435637
0.363972352127
-1.69547187389
0.394739058221
-0.987187325908
0.0714356987639
-7.05865347889
0.377609601899
0.39505722567
0.322654175422
0.364016704249
0.245411625086
-2.09340411103
0.328235373071
-0.224482976419
0.0724266022961
0.173309193426
-0.0924015575759
0.33610797376
-39.8703288108
0.303227686411
-0.753701055034
0.383114580395
0.0714258551988
0.381339166339
