Linear Red-Wine-Ratio-Scores
0.387888077508
0.394058573683
0.314610799691
0.269691689236
0.208001016118
0.323880586302
0.35043881372
0.306879935836
0.406677219236
0.201298694081
0.376110421906
-0.0510933864734
0.284898632736
0.133521102757
0.318952713419
0.353326044356
-0.00451629424089
0.371303424697
0.312239040727
0.327721867967
0.336236193386
0.378583864366
0.336306630638
0.333820014169
0.386449267191
0.371451946869
-0.178694858522
0.400764130827
0.347509039555
0.283896652129
0.296986359229
0.348087105037
0.405843239635
0.398799788496
0.33338529762
0.377850535605
0.379751523616
0.400379930173
0.361860415963
0.299856808395
0.291138566573
0.0227823856312
0.312101028494
0.243394381669
0.311843975056
0.415822263052
0.429439781499
0.439982657811
0.291577994348
0.262943746974
0.340248875235
0.335945584523
0.392436929893
0.278920460203
0.290281368873
0.383364030082
0.318398147857
0.347625269365
-0.0534633159041
0.420808926913
0.328586479796
0.352844617373
0.399306544077
0.293727442811
0.215481069087
0.292746138041
0.230994250888
0.36407685503
0.422076425512
0.379124730078
0.226930117599
0.34496609871
0.337790947419
0.133902889761
0.404450738352
0.276751372721
0.379561504622
0.368489125793
0.301607035652
0.354666996447
-0.123519436561
0.170929019568
0.449329891658
0.295510117149
0.427289416456
-0.228370368161
0.435429012075
0.390567915983
0.291251019556
0.00448631222078
0.342788674951
0.370148814764
0.314544931327
0.366424936802
0.370696256249
0.357669228165
0.262986599779
0.406864019333
0.334083708659
0.0589061764908
0.333324290841
0.373759796402
0.376954902024
0.387784024301
0.0181498379515
0.0197431711703
-0.0971713270914
-0.00485944732824
0.379221413858
0.388762878145
0.347782844522
0.393957689344
0.393481767768
0.359460189074
0.154152466647
0.350381824311
0.325306793814
-0.0335566986398
0.375892659295
0.375644677666
0.240237744688
0.341537815734
0.0288411838812
0.241303944494
0.312497667496
0.102219681383
0.253152824633
0.328203315332
0.418821378357
0.367670018326
0.266873271138
0.392972213177
0.334226807658
0.267636224617
0.386294611881
0.39528901503
0.301940524652
0.363358584599
-0.111270111319
0.179131217163
0.378445082473
0.334382464164
0.324118155431
0.258876343708
0.307022644852
0.30309935582
0.360452332201
0.354590043831
0.290701367802
0.354422302285
0.437527942722
0.340217840995
0.388923997398
0.297793480953
0.359776582191
0.17027819598
0.289738339926
0.0845408196634
0.269488351664
-0.0586639445755
0.32015355383
0.286071261256
-0.1406405471
0.280934997438
0.326873939947
0.266152931775
0.144789992957
0.244592724051
0.405204576965
0.368989271863
0.309578833635
0.341215302578
0.327801305523
0.0744484417032
0.379381628905
0.0768451591934
0.310514852523
0.317181166779
0.368152661353
0.350583477699
0.334610786373
0.391319642287
0.324869234213
0.37852071334
0.387488192122
0.274841900094
0.27058075144
0.316373954191
0.316657500094
0.289154912078
0.0921242961132
0.328286376413
0.293932971285
0.2884529137
0.366353735102
0.339707215384
0.34851312663
0.310486429505
-0.0790804395732
0.129566337733
0.365556245274
0.414619655113
0.35042639513
-0.128924364808
0.0231850163677
0.363091450005
0.344749775147
0.190090033208
0.390181853571
0.378691427751
0.140612320544
0.346073079213
0.343875868373
0.414865721557
0.23534214835
0.324200570212
0.0782177808971
0.251596020327
0.323379456347
0.412056370763
0.398490668481
0.382118426497
0.369101797269
0.380477871375
0.328075301828
-0.0395563981105
0.375977973477
-0.0875112944174
0.435741080106
0.199017842398
0.433918846756
0.326458166725
-0.0790579533945
0.434207261768
0.366551737803
0.412421683689
0.111421454468
0.349777681368
0.39728743563
0.29017144884
0.241513035272
0.2613246565
0.387012455535
0.0614477645282
0.348912190167
-0.0509436608692
0.296075305307
0.36551968555
0.340974565616
0.411024041703
0.388934215306
0.00656300746931
0.376123461952
0.327071788329
0.20220216624
0.389841333864
0.328905005094
0.37509945594
-0.12560175608
0.3776415516
0.339156649484
0.357567959467
0.302832882
0.421853268851
0.329587814617
0.1930498737
0.321744182566
0.345517183857
0.288936814023
0.217834867188
0.328617852245
0.253916481687
0.334691077084
0.357782967204
0.32127188527
-0.232981869441
0.433301957168
-0.0637988250472
-0.196070461203
0.335693317795
0.310889957172
0.314669726425
0.232739976372
0.24550830181
0.357915965056
0.289227548118
0.354824705247
0.340026396845
0.306200240016
0.414162793412
0.308156547084
0.387879771581
0.293760881371
0.0371458789624
0.323067317701
0.303522011317
0.0433275837441
0.374004337276
0.334815243008
0.391797408209
0.377322922622
0.39357686068
0.250320430776
0.361947436361
0.220809667674
-0.122196925253
-0.106814669754
0.0411004921016
0.283144763471
0.270055603095
0.3963328187
0.361351990115
0.369688501322
0.356777519548
0.263475927462
0.402123715824
0.410666012724
0.267091798411
0.372123796868
0.33550261553
0.336366055311
0.253907976337
0.307980147525
0.0637644775664
-0.0224857812405
0.42620826125
0.341158137836
0.0483467691702
0.241531839801
0.298411013205
0.355489460961
0.338186612572
0.406212480052
0.251418363173
0.368859267066
0.348741832567
0.331219208525
0.395222835016
0.405350573844
0.41909618105
0.319215977426
0.333779074873
0.338692939663
0.356472514241
0.410619009446
-0.0385434186119
0.278310856449
0.340412947268
0.388370380683
0.34056043937
0.377864178427
0.0574218479979
0.319250467713
0.217373130809
0.421091074163
0.340907907278
0.379032171815
0.393483675898
0.398700773752
0.338302388828
0.390889305262
0.303788504982
0.400709050815
0.303731225811
0.302566612888
0.14160395493
0.31741615002
0.345032106811
0.00569889449056
0.343046316329
0.378410155848
0.365571012074
0.341668921395
0.00505846648192
0.330659159386
-0.146912109484
0.339109837983
0.295743909916
0.198338307574
0.370378021829
0.384236094973
0.255485042412
0.29133505179
0.377226587265
0.154847561824
0.362942315975
0.391128071954
0.354415278265
0.372558925294
0.0809557212906
0.325606527101
0.0123289237753
0.243739535457
0.371407876116
0.0237746543936
0.294093597624
0.360911271922
0.388089310583
0.364768485646
0.367261215778
0.404203733958
0.377372444403
0.419454926055
0.130706474308
0.260730905629
0.350542743863
-0.037492301829
0.374794010697
0.387101536858
-0.0371692417151
-0.203597911056
0.252494265736
0.367860605668
0.404633308814
0.301508454595
0.105844016496
0.349296366758
0.350535195138
0.331121654888
-0.224349930987
0.0806878458266
0.293214194585
0.267157332321
0.362125194447
0.032931059255
0.193885316512
0.313126534813
0.336291007443
0.243199882457
0.371153888059
0.217104593524
0.351561737708
0.282142690423
0.0736207090975
0.282420522984
0.269681826914
0.278868473744
0.394989793894
0.407910689496
0.212657334554
0.382566419137
0.353237233569
0.309807431681
-0.140221288996
0.310233449225
0.415420413303
0.394098026788
0.147908758805
0.404148393648
0.337956227969
0.40496990567
0.263087577706
0.315790682983
0.423125317733
0.37839390626
0.246363044522
0.371403785035
0.307891216014
0.361669187225
0.290664385277
0.3838985714
-0.0724074294067
0.394458588332
0.225593355661
0.294137364677
0.341389990897
-0.421908820124
-0.192873999536
0.419309933436
0.428913129233
0.0499571314964
0.394129718961
-0.12017075384
0.253842168639
0.298651803483
0.352204098077
0.381798327204
0.229787900135
0.419300324986
0.356415202517
0.205675487626
0.339437821863
0.322684022569
0.0247565376529
0.370092124571
0.329744692392
0.407541612401
0.41253373879
0.347310350827
0.141885484675
0.376264763271
0.328161997504
0.311901988446
0.355434248045
0.278905452931
0.150348040984
0.223919016167
0.325758569129
0.410033539805
0.375099945244
0.335014233447
0.350628484867
-0.219394112526
0.272695390171
-0.0906257992153
0.375189961228
0.397081967784
0.381414771992
0.443728763469
-0.00470663747546
0.139832930933
0.155737751348
0.312842689645
0.237579939091
0.369117466679
0.365567373987
0.336008287715
0.319820432536
0.352847275744
0.28795592922
0.0191518553503
0.348249376563
0.374436083379
0.376633210197
-0.154923233379
0.33747330037
0.284003953025
0.180282501445
0.188504896361
0.348257565961
0.292254138062
0.322924187174
0.286295997585
0.276154906571
0.212533206422
-0.0474021144724
0.362835265256
0.365387606771
0.428180442029
0.307658877632
0.306555298985
0.280783653982
0.418919707905
0.291455940419
0.339900242004
0.274073303374
0.361057187
0.00602334156743
0.364619022299
0.364971069378
0.3283044891
0.272582406397
0.214605760935
-0.163171903322
0.389953506511
0.309993945605
0.0271642337737
0.0241986404767
0.362240364026
0.390997545184
0.426136567785
0.3120439919
0.349693927992
0.3245044338
0.326062519938
0.343110302795
0.38079838534
0.385140523852
-0.146902769122
0.400872200864
0.327113943355
0.361613740993
0.342147625127
0.329797376965
0.340229607771
-0.135414512813
0.384879433579
-0.245487110941
0.315538673054
0.278323078812
0.394243670804
0.380067920389
0.404326203053
0.350321735871
0.384972659694
0.0314699282569
0.142832811497
0.447293974467
0.218264502579
0.349820362189
0.334746124075
0.2555535701
0.359724513406
0.386256935209
0.330232688791
0.418801359048
0.342384561243
0.367025789497
0.294275775189
0.361185939422
0.363144611077
0.297822260784
0.102628078019
0.288403032015
0.43515711577
0.322753779779
0.377651535544
0.332634781757
0.342557356839
0.32944528181
-0.23577467182
0.34974197555
0.355507814856
0.203907507696
0.324892931528
0.356829257894
0.274469290123
0.414521875888
0.397962125139
0.220604317107
0.158384689886
0.234227743059
0.298182211914
0.314123259268
0.371566448144
0.321598274591
0.300263301793
0.37094405506
0.344555627148
0.415342240248
0.0658108175701
0.266838868036
0.390180302935
0.173255454838
-0.132098009709
-0.0433624610714
0.326310046548
0.389893368364
0.305017853362
0.325392131561
0.368647001521
0.271677738249
0.319369880296
0.341292446282
0.237430905754
0.392499269044
0.0680661217061
0.372156434383
0.364522209843
-0.209008192094
0.430403015978
0.315216723945
0.337817430927
0.320107260617
0.313251962624
0.304235785106
0.254890438526
0.361280195401
0.378966136361
0.140303644284
0.355963098774
0.268239122599
0.302500728221
0.163918595482
-0.171714772962
0.281816444681
0.306217995197
0.332231439635
0.295879222511
0.369968361749
0.383768902124
0.0853042723077
0.330163412677
0.38924265639
0.139977120985
0.0720807299649
0.334187116066
0.345396881436
0.336377085974
0.316129725943
-0.0684079471872
0.403464485598
0.262063712799
0.324085355946
0.323055068842
0.352973641288
0.33083765224
0.291419609503
0.324423174029
0.407214541631
0.43536293038
0.352768913301
0.409723698064
0.374272451207
0.214714216749
0.338847655335
0.31588153474
0.360674133575
0.395917272738
0.315720460244
0.205335041809
0.374219097512
0.11646412178
0.387194813616
0.313376327722
0.370345653171
0.24598384356
0.380268276899
0.293980243301
0.333618756071
0.374153459759
0.304245108367
0.416596547298
-0.00216327949512
0.347111322749
0.396405908352
0.371420714823
0.170244647081
0.300001931542
0.368575275486
0.30909791726
0.346908430474
0.318494503824
0.0789049803641
0.135957855302
0.323669964124
0.249587840724
0.336324948887
0.345914101382
0.269553854512
0.342547668525
0.372525377141
0.362737171441
0.309957707556
0.435677434951
0.323315660006
0.316347440428
0.294661424342
0.319405584766
-0.0672314223909
0.388449720592
0.231679915222
0.240962058152
0.0671058386107
0.39432462624
0.360542633995
0.40592287204
0.359827714623
0.118910377228
0.378206604729
-0.0545840588273
0.406685297743
0.04547051892
0.26107251246
0.371824725265
0.00940289740531
0.362244403828
0.351200704063
0.374895513791
0.257790847745
0.284056411609
0.440836041522
0.329616190364
0.460360057791
-0.00559847963472
0.368956788943
0.481820940855
0.347053963278
0.355970617229
0.0416667526468
0.237027254257
-2.61227166214e-05
0.33119317734
0.284125146558
0.0849241656517
0.0353807955645
0.426829002188
0.0137241269163
0.0443624200139
0.361005352823
0.32596547276
0.325069031573
-0.0874537105413
0.379905641397
0.134765518778
0.333311255297
0.297974441227
0.328699936565
0.358646151434
0.39479988122
-0.0110325863089
-0.0558018401628
0.354297631124
0.279407600627
0.359180482079
0.344615397789
0.0378610782522
0.374995246116
0.361004464015
0.293639083999
0.177521556035
0.371384539783
0.234045347365
0.386911259725
0.258167144492
0.41986524603
0.340156273553
-0.0138548831714
0.382033662531
-0.0380314265565
0.135950067759
0.348846165266
0.37278417952
0.361373175998
-0.106189609866
0.144929929797
0.33476857106
0.297307828432
0.40236784661
0.16925169492
0.337854629309
0.336891928561
0.401643253565
0.334191172506
0.400682749208
0.300423009856
0.393472183746
0.337522436708
0.368072994567
0.294451313168
0.318574172885
0.365377878148
0.210382251078
0.166741425651
0.318797800051
0.0619066290683
0.417040088352
0.396481208833
0.144206336137
-0.299716557299
0.219159724981
0.333401509037
0.316460868057
0.37679507621
0.186726769594
0.284845500535
0.233938692605
0.132425137468
0.105485665188
0.282482396366
0.366862987148
0.374259963143
0.270674605593
0.313815085618
0.388055140153
0.379402696935
0.345614825415
0.378702489919
-0.0590245556152
0.273689377095
0.288076149192
-0.107934941628
0.333979973193
0.385584886279
0.326069991542
0.395376379352
0.278099300986
0.425571272531
0.184202493357
-0.0852043831804
0.28623896553
0.370426114143
0.444563676838
0.375655528722
0.135514239149
-0.0441794322622
0.411403102355
0.349986257867
-0.0166951257826
0.338109855329
0.326092488834
0.309650277379
0.337823078274
0.435328357099
0.357735319513
0.383106138742
0.279033979588
0.367059751215
0.310166104216
0.27441346125
0.0205916647121
-0.0877585032214
0.389676091623
0.0718826846265
0.397771902295
-0.0302161251576
0.312211723233
0.0387675820925
0.247092131839
0.363146007169
0.28173162594
0.349160387991
0.301851828992
0.324057737632
0.279489471982
0.373801433546
0.252976456635
0.340446131024
0.274708920103
0.175335669636
0.0227062856682
0.363524034435
0.313810413219
0.344339291745
0.101298023833
0.0386971045486
0.284230693391
0.310742044505
0.323284230285
0.316848188983
0.0931511781651
0.299296557948
0.302353082578
0.270774063429
-0.345383691295
0.304143661211
0.347310646626
0.0337364295901
0.296546557962
0.337360742234
0.300350633803
0.32544269494
0.328226248122
0.383415982842
0.342598401399
0.31175141003
0.387541814927
-0.19671469959
0.41481900476
0.42325612596
0.356124899482
0.34725395444
0.333134578187
0.31450737076
0.340403126441
0.322120044184
0.0710442510428
0.330940810222
0.286108590435
0.354896440828
0.338108287836
0.383529576865
0.334495814476
0.360763650481
0.285275251547
0.303712920825
-0.356865445963
0.367668368644
0.0452321631624
0.272394785453
0.14304332346
0.388519417841
0.368527905034
0.448985194478
0.169277873487
0.320141057691
-0.0758422713384
0.0159182886307
0.340535385916
0.458912450994
0.29308994329
0.422333498574
0.00266853134806
0.332135736703
0.293702017279
0.364431991482
0.221168867486
0.295253563253
0.390870776358
0.130679315248
0.349671255935
0.253160699518
0.347398407916
0.306859746483
0.318372701915
0.330389741749
0.357974149151
0.419391588032
0.332014560296
0.401726104291
0.35983119091
0.375592070819
0.243099036008
-0.241491355621
0.373871141245
0.390407597093
0.281264011317
0.363204029669
-0.207068886942
0.312639119543
0.383719891272
0.349734444751
0.3658234981
0.287270397014
0.359525402103
0.316653346616
0.41954157919
0.426266886575
0.344648288105
0.0883877439087
