Linear White-Wine-Original-Scores
0.343905522161
0.302468497651
0.37958173424
0.36649518445
0.374874213662
0.32681188144
0.328595289275
0.279071756895
0.321444646354
0.395038395852
0.279657029336
0.247336798826
0.343377336431
0.253930817133
0.265223347223
0.287747923918
0.267955750072
0.28584738928
0.320759184341
0.263407147023
0.279942069373
0.266871654543
0.284047569876
0.280345537542
0.252282405537
0.290874393145
0.277863858718
0.303431980069
0.260699142019
0.273934435015
0.274566195709
0.250363094879
0.254779952312
0.266777588503
0.307224351782
0.274835909924
0.287881147808
0.267296454119
0.273201102696
0.247572033487
0.269503469607
0.252615347126
0.267307691002
0.325953737713
0.246118891916
0.22759392095
0.246242011936
0.245819389938
0.256838824893
0.250516465925
0.277645768648
0.242677532193
0.288083328549
0.291097543117
0.295242992255
0.264737816639
0.282465154075
0.274811996404
0.241572699721
0.252451902261
0.295951877715
0.279863413477
0.281586119977
0.28457372569
0.336640146982
0.270054123458
0.293907928142
0.300274377062
0.285478948621
0.284630671596
0.24978470793
0.288141431496
0.27095986286
0.314280587019
0.256300390675
0.27172244219
0.309001710183
0.278205418537
0.294556261232
0.269476537072
0.283419761168
0.233668978088
0.29855946719
0.299454214384
0.308168159968
0.295725634118
0.249394329852
0.267427479076
0.242265191701
0.259806374403
0.261351140666
0.310710692728
0.31028523265
0.225085898094
0.306548595855
0.281313035227
0.316484127946
0.262704626491
0.270548282134
0.263160160918
0.234658512442
0.3068946046
0.258168372287
0.293979073888
0.29332289324
0.27267192771
0.238710139124
0.232971196919
0.285267652896
0.273789569862
0.269897661822
0.269070833035
0.269457109771
0.26871897522
0.278818438825
0.242454391616
0.291848288872
0.297398108052
0.293424893005
0.294144680621
0.238585160904
0.244253236199
0.260027485807
0.248248501726
0.293201303554
0.289179515745
0.27874614294
0.276341425946
0.270511625635
0.284875294326
0.23083360878
0.298353570613
0.305969665526
0.28952847175
0.263671951716
0.268418074851
0.275625167787
0.277095137211
0.269680959794
0.284033828738
0.271855850146
0.292172204176
0.267358990491
0.298047190604
0.271590221592
0.261194455395
0.338952286075
0.233190225602
0.292565208345
0.273664143471
0.260216992634
0.290913596615
0.306943870357
0.294005069793
0.275568558257
0.310661588688
0.228429448636
0.308109208452
0.237012032837
0.295830442957
0.292784226309
0.260115591036
0.29800205756
0.282113345622
0.242246435546
0.283894084233
0.315488972342
0.270912349052
0.258379732225
0.295550627085
0.299522435723
0.236669904562
0.287313212476
0.258782614315
0.275739304605
0.337063907203
0.249992575512
0.295704392934
0.27136408913
0.226987740516
0.268380541227
0.267628256213
0.292152559581
0.26773168734
0.287265279764
0.270377306583
0.336629034088
0.255496594987
0.327778499917
0.258637939768
0.286195482776
0.270609246262
0.30225680585
0.289313618375
0.314810851082
0.29358191531
0.291936987629
0.315768534101
0.258926449249
0.292049377991
0.277109383308
0.283405847123
0.31482559009
0.315273620833
0.294020671825
0.238631186809
0.282170394469
0.284450954809
0.274294458716
0.229968190169
0.291317250678
0.259678409746
0.277370402272
0.292363146598
0.286479108139
0.294820987751
0.238187873836
0.227107775265
0.325989326053
0.262323819824
0.304352320442
0.249211409931
0.230636171604
0.254443917291
0.271283116713
0.249249102682
0.262414050716
0.292970872433
0.251559473044
0.250679174512
0.235785212096
0.286140741909
0.266938767223
0.252221624766
0.235070278445
0.262857880191
0.274381788371
0.235396027749
0.242202201642
0.246061503048
0.280586849551
0.28449978173
0.28223211316
0.26012430553
0.262198105928
0.266322340206
0.249561530775
0.285197992316
0.245503754901
0.274380852894
0.26717505002
0.224672277691
0.280925941575
0.276735945726
0.296097130449
0.313169618187
0.260329325322
0.242443976405
0.317162953845
0.281230028224
0.278028654246
0.278761269268
0.29485527604
0.257960441312
0.278781062043
0.275368954561
0.260382296535
0.305674468849
0.274834510196
0.279065854503
0.278331703237
0.308257435443
0.304176762485
0.271258379653
0.331999544078
0.260890973546
0.316354460124
0.270118970099
0.235631661314
0.264869611638
0.227565617512
0.278298313133
0.230368732305
0.296592604888
0.278169053748
0.245759703978
0.200604516114
0.251347922487
0.278489758427
0.27087071258
0.270184256244
0.265621615006
0.277924842349
0.292430556329
0.286507565056
0.323724926644
0.285401434979
0.270532878813
0.314580976683
0.262561026626
0.276109371715
0.247258305006
0.28753199803
0.237488209306
0.277739191638
0.282046446291
0.235255489925
0.300208489131
0.253437954566
0.294774662254
0.264863675427
0.27056714083
0.229665726335
0.24837482161
0.327636423254
0.277194590619
0.242731147913
0.295811402211
0.322654375426
0.216318049327
0.277309223663
0.32986671391
0.262192801821
0.247972050137
0.283747365687
0.249170606884
0.271632856945
0.292648889454
0.283150551812
0.299630064492
0.309604588932
0.296382950547
0.277827535077
0.236881327943
0.275633234537
0.287291907859
0.313986230292
0.300949415716
0.229721581195
0.257669629661
0.225379239488
0.228689010797
0.286355451929
0.304804006706
0.253092694443
0.284713343489
0.30479137429
0.289137256666
0.281924616139
0.226938109637
0.293360152463
0.254688859908
0.257672839547
0.262769825884
0.304977730521
0.286166758799
0.268801715838
0.30063155824
0.297175126339
0.291219498077
0.28685292811
0.265796556012
0.280002023081
0.278501256828
0.260949946529
0.283998363971
0.280766015296
0.28134492276
0.299655429064
0.281891793508
0.304910461782
0.273102882472
0.264447694056
0.291543671906
0.249658411853
0.259971739674
0.256893296579
0.271892440721
0.272307138976
0.286254460371
0.266937375025
0.257932509708
0.263591490477
0.259170817689
0.286318423418
0.274809329623
0.262489913157
0.282055911599
0.252081476623
0.228411168993
0.269939424547
0.274900698076
0.279931586526
0.286842735907
0.279439564834
0.286093081339
0.274591638179
0.306535115625
0.243032770344
0.275232770422
0.290861424349
0.257118594478
0.294448440355
0.241817567985
0.297627458906
0.288359116645
0.286717360899
0.296216564418
0.242480397293
0.324989055276
0.261449405011
0.293598219488
0.289213352618
0.277497250469
0.294598426666
0.308471916383
0.279829708107
0.253595177109
0.295467817339
0.283358708068
0.288759818777
0.26445533265
0.234958663539
0.290228689416
0.279715958967
0.23304476782
0.273917557753
0.303635378729
0.233170670772
0.263653439727
0.261519735624
0.276369130969
0.257435596515
0.251308937883
0.238310102379
0.277448495779
0.308519721085
0.262848552057
0.254535489637
0.252339956734
0.270541953425
0.277172332366
0.289971554435
0.311193506886
0.221399409048
0.264391832671
0.313660793974
0.253644428064
0.278397578702
0.270915191992
0.268503172885
0.283770194766
0.278926307737
0.283927363095
0.252594408227
0.324546532847
0.284059496714
0.249697507423
0.287178964492
0.242315093878
0.278012297783
0.271433472248
0.2648829476
0.275027663697
0.295685973142
0.300060024332
0.246967559232
0.253918334343
0.280454835148
0.29931208491
0.240487054714
0.281298645754
0.315725806217
0.28282551822
0.281206457507
0.27887303068
0.326921236383
0.298287995985
0.275711504198
0.289957491562
0.271244531966
0.272976702531
0.259419674863
0.248714477402
0.268010749196
0.220483896525
0.22290227499
0.259398824247
0.281150556343
0.263351728001
0.307821436851
0.307817589514
0.31024108704
0.281183512454
0.283264470185
0.281025205116
0.269056118389
0.28187771855
0.291857589774
0.279669670123
0.281250288337
0.269652193493
0.25033034254
0.262187999297
0.275791936679
0.314048970225
0.25959036724
0.275143039654
0.314449949291
0.252834570429
0.244191670849
0.299066546648
0.204282402467
0.279978897863
0.263906297717
0.245629647817
0.293951011891
0.296720657708
0.26560275908
0.345545781708
0.277829986202
0.249208929739
0.284523765172
0.294654751145
0.30148231152
0.249954094725
0.30430297308
0.278197039451
0.234758730522
0.277124653417
0.260747031963
0.273736211145
0.250949457733
0.30132438888
0.261493602468
0.311978667606
0.282620225071
0.252234329047
0.253716173058
0.259365877899
0.279368321273
0.284695989474
0.249300434765
0.310422532608
0.256804047166
0.251022654572
0.314876895852
0.238172314657
0.284889972963
0.282085759782
0.236259264238
0.29264944334
0.25308708849
0.307492443835
0.273001898269
0.25147378571
0.294065076571
0.262078086656
0.285995548914
0.234030209528
0.262526287197
0.312687309513
0.284133258931
0.255023032706
0.248496310027
0.283220953388
0.264424954005
0.255798521422
0.261698812615
0.260623389036
0.325741852909
0.269667068995
0.306026123014
0.245262167282
0.289288476048
0.280041979422
0.249145065592
0.305166140343
0.284158268676
0.288451321494
0.274212173954
0.292357144119
0.251300923867
0.250322612415
0.295752829036
0.293484638105
0.28226891566
0.262169135545
0.2987158524
0.241162593959
0.282952272402
0.300212381175
0.303930174513
0.260419283786
0.279789352505
0.30058174284
0.303132636062
0.286335964137
0.289427203895
0.269111449596
0.25178885624
0.266084367537
0.259341793081
0.311377844555
0.262738695197
0.274230888376
0.25271818332
0.268512199494
0.255595500209
0.237484489683
0.292918679205
0.280211611097
0.268548972381
0.292305779843
0.293732497032
0.241776417635
0.288132102827
0.275649898941
0.287191368194
0.245612269843
0.296118115345
0.268513545599
0.325602909619
0.238972028042
0.283391672839
0.27275253506
0.28551515504
0.274312311148
0.253428429762
0.249435784234
0.298857605811
0.23617907747
0.219275217894
0.272183096635
0.310876556413
0.287845720505
0.298192014662
0.262731123049
0.26230689802
0.239418642069
0.301696370691
0.27970425448
0.254139134917
0.270468479409
0.253006904463
0.242827165498
0.250145321352
0.266725146428
0.271511915174
0.337227813458
0.291940608985
0.277804540808
0.315563167435
0.298780051025
0.259695188853
0.271047129399
0.269722318213
0.264987789675
0.264866141385
0.300772482062
0.230886332998
0.320260079319
0.247105014
0.26439116036
0.278635018182
0.284155191239
0.273724321954
0.293699760995
0.287721767869
0.296575582585
0.263880137921
0.284163088251
0.283512499004
0.276203724488
0.290353378257
0.303281604131
0.257243340045
0.298295802212
0.292034768027
0.262551407721
0.30268420793
0.30919146588
0.239912885028
0.292820678932
0.278715704061
0.268388266509
0.273433213021
0.280393977485
0.290816812752
0.299402448772
0.29674730903
0.230937164374
0.30573351558
0.261154581316
0.261763054854
0.24431772726
0.271194783666
0.267065200127
0.29118344338
0.267345251429
0.223520036202
0.251023323814
0.26845840834
0.294854871884
0.314760320822
0.254755618653
0.263355224682
0.273987887543
0.290463024709
0.304422555547
0.287944185577
0.314879763199
0.303333286634
0.253257494748
0.279415750625
0.255307553159
0.240885502178
0.222781060173
0.26901076874
0.320538929137
0.309224573854
0.29356254251
0.288058133616
0.253785986845
0.284626128201
0.296345799304
0.250678920585
0.240764463894
0.286752282105
0.322903345782
0.286340988288
0.277342982931
0.2889187997
0.227813301109
0.2848017582
0.264266911944
0.288161637114
0.260977982986
0.305559687545
0.247442275676
0.297004273082
0.289951272576
0.244976938219
0.279563565613
0.322603137827
0.318548444472
0.280764885834
0.319396120749
0.271144258164
0.269528989228
0.2922369144
0.26946229139
0.236374465242
0.256850820419
0.25854638136
0.258745750876
0.228387654674
0.262549533548
0.283925294054
0.226302664032
0.259351298339
0.281986696266
0.257804445741
0.286718498007
0.261608228513
0.258717155842
0.245415582626
0.216730530808
0.325559376068
0.304918996066
0.278914909586
0.282409874024
0.275579729776
0.247122960591
0.262621816906
0.317186058152
0.268945181891
0.274016099222
0.274328021238
0.303170698734
0.248638489076
0.227756435648
0.32707744652
0.261746949979
0.299182265454
0.275775369051
0.236204670712
0.281617016441
0.231257801037
0.308049659525
0.268122357026
0.224143501125
0.281648916506
0.25351081235
0.242387784838
0.263899828069
0.290868522594
0.330942574226
0.28128450121
0.290809651232
0.269554328224
0.271671486196
0.304183095929
0.255738465463
0.319513566923
0.27251440326
0.2746369865
0.263719707938
0.322174978907
0.262686836741
0.2558985416
0.288755834977
0.278035074641
0.307767130066
0.295780701341
0.296594066759
0.26130679176
0.288212886187
0.26526011898
0.2752178309
0.310297509088
0.319106706068
0.255951574241
0.288523346148
0.273992362788
0.255393041976
0.315008973416
0.322357918694
0.264515897284
0.262880447407
0.242662998686
0.263156246728
0.28540053828
0.297164928401
0.2583942289
0.271172343879
0.263850677069
0.250519249489
0.300547243052
0.232805330422
0.274015598968
0.284833873903
0.299407228558
0.284152750096
0.265476480546
0.234910202676
0.316354687287
0.255107953499
0.278325796549
0.263692075524
0.26264518546
0.235841200067
0.261989576222
0.275222631483
0.294593019413
0.289264804055
0.281951970266
0.286179199799
0.318057945517
0.250420275058
0.29996682346
0.278868295226
0.274778541439
0.265547071765
0.285947343618
0.265077252893
0.295091913691
0.235428936475
0.291346967708
0.284927415427
0.286463020972
0.254745176754
0.239519993135
0.276563967897
0.290248762627
0.286284869261
0.308262464012
0.345315144445
0.271096586777
0.274105774452
0.266084604558
0.298924655634
0.278143087691
0.252709904228
0.296630554008
0.219225894372
0.292562586878
0.281629142002
0.275027976495
0.307274753002
0.255125107373
0.266260011923
0.298886134296
0.283126269863
0.286760939063
0.238310024408
0.240343197386
0.29971401711
0.281834903465
0.278918419013
0.275088913371
0.274396951471
0.225538566884
0.296484022687
0.250760226313
0.247344141402
0.290934536585
0.328106815183
0.294971534194
0.271228699531
0.291132293145
0.282900614542
0.27493550832
0.298517818235
0.241785331483
0.289538772027
0.237101337621
0.290790335694
0.305213549145
0.301192411465
0.283874010761
0.303173763722
0.244636778291
0.266623619757
0.290459267712
0.307457349333
0.284996278011
0.233841854251
0.277415530327
0.265477857389
0.297608537209
0.264209120604
0.208179266403
0.285225565952
0.276926180036
0.283497421111
0.262711142368
0.268871845147
0.256567220614
0.256950385829
0.28408474097
0.227417675838
0.316609826843
0.264838818831
0.213051854219
0.258664997228
0.285847005776
0.25323928093
0.301531010539
0.261467503349
0.279330106407
0.265282680864
0.271414848349
0.326556191112
0.312432196271
0.234264704401
0.31373181776
0.292411439473
0.230368608777
0.215436546657
0.222556041568
0.29200431904
0.259608797499
0.248360850111
0.255169284637
0.309509295503
0.275389985494
0.277115618299
0.276479110818
0.288747702849
0.268268427725
0.327363003509
0.280315023388
0.327345946362
0.286656378306
0.257921388683
0.250871394236
0.265219179068
0.271697553871
0.260089084757
0.297928945825
0.266607771824
0.276436220856
0.294155801845
0.256545900944
0.26767495502
0.294796933108
0.220694289385
0.305988860972
0.291401310767
0.284958816578
0.2839432111
0.290394989948
0.305607367006
0.27647665833
0.304039048662
0.301869431728
0.232210084865
0.284349024994
0.24404235799
0.316901446356
0.308372557449
0.265340457215
0.297944222075
0.246047124122
0.246576383495
0.244683369531
0.25749250677
0.264180508997
0.302921656334
