Linear Red-Wine-Quad-Scores
0.352137207631
0.404610132434
0.289108526372
0.364135553922
0.288796304274
0.383359178386
0.350237458956
0.255484237123
0.350537277075
0.367162899712
0.406621051796
0.369375523164
0.334172304209
0.326738076312
0.130428903258
0.362616850754
0.264790563562
0.327849354344
0.392690093655
0.295689999593
0.233200249859
0.303038226165
0.271999944028
0.259453460446
0.283289153039
0.291750622581
0.265229488924
0.30269202604
0.350831374758
0.372831396016
0.318743024915
0.406231474508
0.348787289098
0.340258522429
0.402230407626
0.273248333651
0.338330461891
0.373519822215
0.361887976682
0.336251245701
0.212694760093
0.33788907573
0.341270675068
0.284205111462
0.2699309404
0.342612112728
0.359723844364
0.302782776081
0.348940499603
0.344382036256
0.360669642348
0.311765680505
0.330724617658
0.294461969831
0.376309534314
0.270845525548
0.299046251837
0.295935065304
0.318702332229
0.388022057116
0.392716536145
0.296078804436
0.39625841391
0.261796138187
0.328211609109
0.362698757181
0.311677829291
0.337460500947
0.308003878373
0.38945458109
0.401054948401
0.359290425461
0.371681187722
0.384009576692
0.262822541568
0.272945975876
0.263351858395
0.36269502995
0.355466503429
0.313828038649
0.34868991531
0.390254411145
0.39735961031
0.324635293365
0.238331681968
0.372022886899
0.384382533954
0.273133621576
0.365035570931
0.233957964479
0.369142827163
0.241320375259
0.326458068681
0.326670208597
0.334921318807
0.434332204627
0.297140817472
0.360695047454
0.314072991018
0.281054329936
0.422213842398
0.261378194406
0.357756891222
0.248045465284
0.341910552082
0.357656745467
0.388067864283
0.326642153434
0.334585993898
0.443994285724
0.322457696661
0.333705979615
0.281163684196
0.291626534103
0.268412394274
0.336508861439
0.316892995116
0.395435735016
0.305360704201
0.391032114607
0.315383347455
0.330151046355
0.330794701606
0.307146100731
0.364769028237
0.336780161202
0.316222254622
0.254909242772
0.3888566783
0.358665200982
0.354768245228
0.322980536204
0.341124255721
0.311936063441
0.156010834152
0.242771741136
0.389104977865
0.377643468832
0.316986392668
0.347907813713
0.34997220642
0.294654984139
0.372650282401
0.344099171151
0.329176574036
0.244173732567
0.353233434467
0.295554880105
0.319061303851
0.248541701426
0.297422389822
0.320860266314
0.297699783089
0.328001667923
0.349331920924
0.295122341973
0.377203533788
0.358647288036
0.278986760757
0.275172891464
0.318943010985
0.389109310274
0.379758270841
0.270784515372
0.314457117135
0.240063802523
0.336732323141
0.260526395226
0.33853477386
0.420418589777
0.285226313982
0.337420786623
0.333414949115
0.355875429996
0.328659015061
0.350854027433
0.414123307065
0.296063555617
0.332274571267
0.369980404681
0.410809392331
0.314394834274
0.326919982119
0.368093581939
0.327421943746
0.28680154547
0.357650242089
0.216490199523
0.388251003232
0.371102119333
0.33921994223
0.356846948805
0.390246911219
0.269624790591
0.343761125762
0.275921734157
0.314819754909
0.326793902416
0.3406907364
0.266215473129
0.348936797372
0.354565822931
0.327025579224
0.34599428635
0.364715559824
0.401624214037
0.300918787936
0.336484154702
0.275183911435
0.375734548589
0.311866496784
0.324959636508
0.302519007185
0.259939716895
0.359324383636
0.225868190713
0.344907503534
0.284121791941
0.388277560933
0.330507107724
0.308845337422
0.364305072101
0.338106728535
0.376534256191
0.340106373263
0.336620441261
0.323013936452
0.36437364043
0.439812392653
0.2497526024
0.378107940379
0.345864897781
0.340811311376
0.331436853982
0.353817663294
0.319780314167
0.348465964701
0.304896511278
0.345040923744
0.369842957098
0.285415284876
0.372231723473
0.287313919663
0.278463533939
0.283141593133
0.27554352177
0.332218316152
0.157565706376
0.351932619674
0.321494010993
0.194824262559
0.376700845865
0.231891634119
0.278030629426
0.389841612187
0.35581281202
0.326830223113
0.217892835028
0.303448248767
0.279804388476
0.34411009365
0.402801804214
0.369141859108
0.32831373228
0.300525489005
0.29808161268
0.300217745438
0.363326193548
0.3285823027
0.42945511208
0.365040901287
0.317888137497
0.307675103623
0.377173619294
0.405503752655
0.287697497261
0.347761855594
0.348274711381
0.304490132467
0.318222493488
0.358822219501
0.247146033275
0.3154217558
0.361986829016
0.305922834909
0.332227495086
0.312967619364
0.34129957957
0.318694606749
0.340221825563
0.303386030047
0.328290223115
0.342308082859
0.315519908633
0.206392196279
0.320781258977
0.430905897131
0.31007775435
0.301823948706
0.282221727662
0.354771168667
0.374056177616
0.35226538078
0.270948408197
0.317675447722
0.353879561343
0.396952493242
0.319821586431
0.326534756927
0.313628357362
0.330642205776
0.355771031269
0.324217033706
0.308617491964
0.359684295901
0.338022602147
0.337760561419
0.3621960172
0.246995569277
0.321752109834
0.365969373849
0.337842461715
0.338648600852
0.333484537354
0.315151928253
0.40979134646
0.26205336334
0.39433817639
0.320366885723
0.303182881729
0.318100601842
0.310682313831
0.315336921829
0.268363175618
0.399550660734
0.148077622513
0.40739507504
0.367489398334
0.301257875281
0.347814240849
0.395378469595
0.243006826798
0.325811912054
0.290028029518
0.224477837862
0.325384283396
0.367267970581
0.189470171768
0.303581037685
0.273138171746
0.319218253753
0.283598631882
0.285717695218
0.32595405026
0.330821888402
0.319537252787
0.295509574925
0.204708961203
0.207875669252
0.359302405623
0.381194339952
0.326443497558
0.420509792787
0.30680190641
0.331516541207
0.299954434548
0.361079810589
0.36085961471
0.354197249151
0.387834014915
0.387368013745
0.293564090704
0.371415797483
0.354864092453
0.403705545929
0.355995959284
0.351047571027
0.27402315675
0.385836377742
0.309620801763
0.252857396754
0.376032886499
0.398533343559
0.28064438611
0.374104963472
0.405479059246
0.372493977009
0.348742594272
0.240358907061
0.302256491311
0.407020926689
0.213221778565
0.276348788865
0.269826591352
0.443404573465
0.221954785199
0.365998582545
0.379652890715
0.358008141015
0.371555979299
0.323555469326
0.16553162548
0.373643575037
0.235324887885
0.271434988417
0.399550493556
0.302603848783
0.274502602588
0.341632519504
0.339542888393
0.350386579596
0.422771524035
0.297190457243
0.331765913761
0.35874160341
0.406157415426
0.280382519053
0.338930271306
0.368574693119
0.388904360357
0.388732226013
0.221948577997
0.344128019883
0.358960041667
0.408732121831
0.29723946353
0.31961157942
0.394135838598
0.332674813521
0.34056986308
0.350740686014
0.350968686569
0.311990449808
0.366798212428
0.281577607512
0.30468653941
0.350796662605
0.305143387214
0.351397656447
0.324150001597
0.323480419011
0.252181275443
0.336337803783
0.272772460395
0.219391281908
0.328282451136
0.321030509816
0.358111533105
0.248793216289
0.322705058347
0.381864165362
0.327514611985
0.322543690354
0.292931209697
0.348670455453
0.271729675466
0.360535611329
0.335858167288
0.319088380969
0.2333091126
0.329424762594
0.345726428565
0.255586466319
0.357452924397
0.300685522186
0.388979454144
0.350156810489
0.399645116415
0.292978597117
0.317081107989
0.31937023481
0.318742131335
0.209329443289
0.312803170627
0.358379766717
0.31577352246
0.334323258663
0.26214672644
0.375968924732
0.309736361463
0.314318131713
0.356573659759
0.243400342869
0.372502008227
0.364054104174
0.349927271237
0.29930687387
0.385081707736
0.329168941511
0.299826431107
0.353665929073
0.428064014681
0.360414242157
0.296210781106
0.361731814262
0.395517172875
0.209934553448
0.336025911468
0.358338756904
0.368617771745
0.251257744415
0.328142204191
0.377728340747
0.381230226968
0.30271725802
0.308201505983
0.355315604197
0.367009522575
0.312954355961
0.272156025158
0.358690893283
0.261056086551
0.399910205148
0.336990886967
0.368746051267
0.405670342224
0.418366890444
0.250324027997
0.360805489939
0.280579730075
0.302952729544
0.369549311424
0.349255902682
0.334415953434
0.297651366644
0.279001427771
0.299824732109
0.373334723213
0.137205841639
0.357506008065
0.368269774512
0.33480347666
0.385639689411
0.348778425158
0.322857714437
0.29953902366
0.296663029021
0.242210360086
0.351383429513
0.403106465374
0.363802340473
0.397347418272
0.279300807851
0.160138453513
0.143331620596
0.398092349857
0.324275912774
0.223611923197
0.30134658434
0.351297544884
0.386643975002
0.289831017646
0.337317579796
0.357021966009
0.278553596039
0.39162928868
0.29494171155
0.289378226504
0.32110020456
0.307425317577
0.328167581952
0.367854934989
0.335397153624
0.254653622907
0.246958192931
0.329749740513
0.362880126175
0.314007518563
0.282835405059
0.37428712381
0.338859616735
0.398429016516
0.312085927505
0.272374162898
0.362135575882
0.31425798715
0.300376483433
0.473161943523
0.342328884878
0.207761711148
0.333905778464
0.375804725963
0.369226891702
0.341429421462
0.405589984828
0.326141586622
0.35798032029
0.325281878874
0.403747197611
0.397839882158
0.34572501294
0.408872514157
0.337817532904
0.397025966213
0.348752576637
0.21215206521
0.444450900276
0.263293270209
0.393614367589
0.318329565808
0.320986222788
0.316904692024
0.373146109923
0.168571935725
0.320513871564
0.306098818249
0.336637540149
0.120014900165
0.368516819493
0.33172308972
0.402105463435
0.364453914475
0.411180437108
0.40180826631
0.302715194859
0.263972730644
0.311401605127
0.276221149897
0.23881054895
0.259665431376
0.344326229694
0.272625374998
0.224766732957
0.427876014037
0.294506872209
0.322135304761
0.328776961022
0.298441893604
0.318942699865
0.361552380497
0.334995330045
0.334486842404
0.371004179745
0.266927744799
0.310887507385
0.357060632033
0.369787466637
0.29458945991
0.323735381593
0.351239566568
0.34890555591
0.343175928524
0.240164300478
0.483501701432
0.281801872107
0.325095677583
0.272415434245
0.276292361808
0.33180941037
0.212556162324
0.34392349082
0.363294884117
0.325748723699
0.371700658524
0.372711625477
0.394653511091
0.358560743896
0.306006680123
0.257906734792
0.444981775423
0.315009475288
0.239074158745
0.278652709712
0.273117973619
0.320097176459
0.294490321869
0.220370762282
0.351855671035
0.353531879813
0.367451946769
0.306639491995
0.358064364791
0.422516685955
0.409000757102
0.284061558171
0.39196388909
0.356238162784
0.350441623818
0.369345802906
0.25695771464
0.283123646681
0.333926303004
0.335956637155
0.368466719858
0.324796688094
0.288074423411
0.35595354253
0.335650443496
0.401815609114
0.25241208418
0.304505074379
0.35227866513
0.275529960463
0.356637038973
0.349792137694
0.389783344522
0.384931177391
0.33664598586
0.27885195212
0.346897085702
0.294686142588
0.298171353376
0.256028415268
0.277743577049
0.377289094291
0.350522367728
0.322758934666
0.358081594285
0.243859127287
0.330036993399
0.315685820227
0.335567238286
0.307821001418
0.381654491548
0.233841943868
0.396117325858
0.38142135322
0.444415691659
0.167014287395
0.402795686431
0.374005870357
0.307953377089
0.30574570641
0.401900941787
0.36022863797
0.352279730091
0.362095770877
0.369839034097
0.302705441154
0.377575810086
0.35159598018
0.38628129381
0.351970028254
0.360305170524
0.464659768278
0.23713943423
0.271926069721
0.365206971953
0.332471864177
0.356254030793
0.204593617091
0.341904776259
0.253963974563
0.397101347812
0.144957111415
0.355643635955
0.261033298894
0.311009777257
0.282335023867
0.345451068144
0.283146407061
0.261074776455
0.196186660605
0.324291828399
0.361855539216
0.34075433572
0.342607150179
0.321110786333
0.360642476976
0.344852422901
0.403749890392
0.316636156112
0.287725579795
0.307731067797
0.321880281244
0.202770940001
0.347689013401
0.166660777949
0.350447969131
0.406580159376
0.276123639097
0.370521157313
0.390224507607
0.34790554684
0.372184840595
0.258858260787
0.35741244996
0.353370087282
0.259327582726
0.340557544452
0.294180120922
0.303597569516
0.39057628929
0.382876782773
0.270039358079
0.278924848773
0.279473013777
0.241476367856
0.337657778055
0.356944239042
0.442586166487
0.346867823741
0.309166497592
0.270592559527
0.362621788215
0.300368183524
0.359686433258
0.300441945698
0.39508858697
0.373847317907
0.317838323149
0.329656711688
0.353342611148
0.355582695093
0.340526676381
0.252053181517
0.289048004083
0.298440316902
0.356440252611
0.320129104877
0.362922604978
0.337366103751
0.31624488165
0.283102302846
0.276804438436
0.273005982159
0.211235935913
0.425785264603
0.328070580044
0.176290509767
0.289860630695
0.29966421033
0.309101029676
0.336918187919
0.352074096341
0.398891263045
0.318840502785
0.279107583889
0.258466409744
0.404764683247
0.250856284141
0.388222896247
0.359665822603
0.435894774603
0.365701411554
0.315228450844
0.312290668644
0.411319290742
0.389159716679
0.269051507052
0.31959156796
0.402160342183
0.285705793838
0.371037489733
0.319321220744
0.291720169874
0.194366494097
0.350585847897
0.364428579519
0.356292217032
0.229328264079
0.370181773846
0.351042439385
0.304312345414
0.334857721282
0.300747216866
0.246472379258
0.36618475856
0.270270385641
0.400796964206
0.377180238396
0.324092992416
0.304974993544
0.403393471343
0.195311947555
0.329561760448
0.315345580848
0.252098527108
0.241325932243
0.300625537111
0.331654907839
0.239420051105
0.312327332332
0.287226842928
0.181881767574
0.339261390979
0.319574304444
0.32212528446
0.377187049023
0.298547957761
0.366379946489
0.271830117755
0.241057319957
0.353925921329
0.305806741888
0.287706455114
0.295235042145
0.416547183731
0.344509858177
0.336013719489
0.298764957411
0.374450031899
0.290994032561
0.343534566828
0.287104534847
0.321411740559
0.295408691904
0.384266590362
0.34654176471
0.321506831177
0.328524385373
0.342225336996
0.367030645903
0.22972378948
0.379809687619
0.312173462117
0.289452998266
0.314330786866
0.342113899402
0.370777912634
0.417042499039
0.275565790016
0.337039124399
0.330815288175
0.287845932361
0.318165822277
0.198409329151
0.305831038804
0.358123230717
0.387870712717
0.407984001902
0.27595335116
0.319929954283
0.362671646761
0.351751512028
0.31638538643
0.336545884698
0.436598869492
0.317420727779
0.31071587169
0.374809057046
0.277481515697
0.298908160665
0.359599720496
0.304119224351
0.298162832069
0.286967333405
0.18747536697
0.346347006079
0.294078123738
0.275116926352
0.336500841395
0.363178066989
0.219441566373
0.327979698545
0.375414344736
0.348575965863
0.306312142093
0.371629217741
0.31951845262
0.241595403683
0.394368869536
0.285254903141
0.308241332669
0.400279522191
0.277984937076
0.345844437807
0.244931655581
0.33212756331
0.381503483747
0.302312780824
0.336129575276
0.403458439215
0.348624436678
0.250339169187
0.294745867974
0.337115911889
0.422221079452
0.355979938034
0.324713576795
0.335653379717
0.301304888216
0.356835495687
0.337397549961
0.358894359632
0.284892534828
0.176481153832
0.245825731574
0.261491763808
0.220429102788
0.382820948769
0.295338460607
0.189449934114
0.379033694303
0.428224349953
0.39180868333
0.29171975144
0.36963737799
0.288847396822
0.315570499354
0.28011540044
0.388035600415
0.408964489044
0.345565184546
0.238648990605
0.342544967111
0.402858949383
0.36662686998
0.328165321026
0.359935436489
0.355487317915
0.301749994662
0.348824169431
0.342599259106
0.369218902318
0.236125514705
0.287794056114
0.323700666066
0.322307286642
0.302012259787
