Linear White-Wine-Quads+ratio-Scores
0.147867943989
0.174067133033
0.283823557521
0.280233006395
-0.0461549859239
0.197834921731
0.161792585597
0.134047088978
0.326038376059
-0.151394693324
0.0454735384069
0.0161772923222
0.0837811926055
-0.565591394851
0.0359435220642
0.411948919315
0.192841809476
0.314545673943
-0.0608848247133
0.106073930504
0.337343372165
0.147801754242
0.202039191304
0.175358969795
0.0556326719231
0.0548398431194
-0.721384011677
0.434670305622
0.359102854379
0.263908525775
0.18631264318
0.188382071199
-1.24106756875
0.357310751698
-0.0319386859685
0.216452056288
0.274112664921
0.283805473928
0.184615192973
0.430355995764
-0.372850102613
0.192493426341
0.282611803201
0.100548960924
0.0662467539427
-0.187167193503
0.186300492762
0.212604657225
0.35106967404
0.195167271777
0.264911201452
0.214291971118
0.0427058431159
0.249468427261
0.220982143013
0.147790835587
-0.112102507903
0.124687759432
0.0456248830352
-1.97999213537
0.387165176603
0.31542104384
-0.0147264309191
0.16486327941
0.202469701441
-0.127293791408
0.0601575670938
0.240192105679
0.144340994362
-2.36306229186
-0.264511156176
0.0584968272432
0.135411193281
0.363057258895
0.289339646648
0.286903612021
0.262296742131
0.387152531263
0.042264484174
0.232448254517
0.261963419441
0.196820850642
0.293706144849
-0.24173580876
0.158114824816
0.337881681507
-0.193080503332
0.143818768147
0.293187420104
0.226472508852
0.131113666533
0.156711419041
0.336163004235
0.329208479844
-0.193463531978
0.0793456109882
-0.258527295487
0.194257916934
-0.0862063688548
0.0496151399757
0.354347268167
0.0325182938499
-0.300952666908
0.131750066549
-0.873459113247
0.246872629187
0.30008084011
-0.0262985791377
0.0163969154102
0.161527591488
0.264056352544
0.267127596815
0.269788183296
-0.54970638985
-0.197926064516
-0.0330543101919
0.0211687194709
-0.0467246969726
0.250636422512
0.219554317083
-0.055821777706
-1.55571410398
0.20869493101
0.0722647814252
-0.0364324189363
0.290503272355
0.416756402326
0.300748407363
0.128388056175
0.163077825849
0.270441743648
0.305737915823
0.271006315424
0.16930680239
0.0804831086229
-0.885496158598
0.00930816178446
0.211241307524
0.100122440879
0.204507948556
0.339669984068
0.015395643982
0.332825842176
0.256338734316
0.16807416515
0.325285563998
-1.03644987703
0.076344390066
0.205070774082
0.215136677627
0.0153006931811
0.28673753944
0.127419810779
0.288198930204
0.171995191192
-0.0399829807651
0.327198263004
-0.0573225873982
0.102079622129
-1.87275536521
0.276721320085
0.360472365603
0.202649627246
-0.152921661669
0.332645620528
0.204983899319
0.114000305388
0.264610759946
-0.274607158146
0.225206465036
0.0280875722766
-0.0822428637008
-0.633514930871
0.0845726895383
0.135841373793
0.219363333495
0.0491895662155
-0.253645386099
-0.0556837476823
0.148204554276
-0.458028918593
-0.11304262975
-0.0782417101644
0.209154270017
0.0805257120841
0.243354341831
-0.0848766215769
-0.186899823024
0.274672499897
0.297687021115
0.125600371054
0.321114892433
0.125833198755
-0.141952546211
-0.346309087505
0.211559156043
-0.0532057292654
-0.16748783975
0.203045643874
0.27496983204
0.278982112815
0.229899330307
0.211809633249
0.231700933897
-0.087544938819
0.268219036751
0.287012339822
0.235269698481
-0.957487414507
0.274571639745
0.12450760805
-0.023697945518
-0.21606208678
0.177952802233
0.262200175365
0.264878784791
-0.185752249859
0.183177092318
-0.250331223003
-0.435688263743
0.282142156968
0.274119591401
0.176510184494
-0.0464884307977
0.320337808535
0.153466824294
-0.238924509367
0.29247122137
0.200566684348
0.00585741989124
0.0297324751914
0.353251256472
0.231444357281
0.27144959076
0.172361376689
0.302610476187
0.021156034033
0.273490601001
0.196004231905
0.196497784895
0.322547265562
0.323255610999
0.105326249148
0.251667141805
0.223111036673
-0.342219148424
0.0832557513767
0.103165286492
-0.158709764614
0.323801491068
0.0254415004996
0.0569283747481
0.268626732527
0.0456346101558
-0.355665028742
0.010196448739
0.0408341868851
-0.210488146253
0.170457006391
0.183626973514
0.322161920247
0.0231131163026
0.219590959762
0.346310447359
0.135176385893
0.301108011372
0.0776833355407
-0.152029849675
0.260852830014
-0.0218072501269
0.0626686326763
0.368111010148
0.297888875876
0.0574977590477
-0.479306691202
0.348313927549
0.305875045524
0.28638359082
0.192094336066
0.23230298993
0.38276167362
0.307770726569
-0.264071086573
0.00213261948314
0.266600473104
0.290610646772
0.261593735845
0.399045565647
0.367889613945
-0.371075196891
0.316553419428
-0.890305839835
-0.200409902563
0.302168677531
0.212234702086
0.416502867576
-0.247180304579
0.164247573407
-0.505160501582
0.27616638781
0.283832401447
0.284655572401
-0.0372245589527
0.162687769789
0.125595773863
0.278734019393
0.0889786055835
0.183548440052
0.113076909756
0.177874245139
-0.266453665444
0.215847418576
-0.65341660573
-0.158260725488
-0.0130848793723
0.308944572587
0.326502060457
0.276633386441
0.296869293115
0.2283975658
0.345841429636
0.200246476297
0.185143832704
-0.0685348297815
0.257195287022
-0.240873630692
0.220226147238
0.0944018969337
0.317378400562
0.247143794139
0.296498088173
-0.463303311109
0.0193623715458
0.324719597625
0.283535757558
-0.240377815061
0.137650405496
0.00912816135853
0.147501994255
0.102727104045
0.190528056657
0.141536435375
0.0662674669732
0.135630821611
-0.0145953557903
0.210363040978
-0.123208603375
0.25911096218
0.148856460422
0.178326415547
-0.360203311373
-0.412743437648
0.288948369151
-0.0218400641831
0.110395257549
0.230468180073
0.279294308218
0.157064611569
0.351286876735
0.361471813169
0.187804935141
0.146617469298
-0.039650345888
0.212865358411
0.132809811177
0.312138262292
-0.223954682628
0.217327052163
0.206247048579
-0.19395599201
0.348757073757
0.2907626213
0.325174536748
-0.218771271357
0.260678772473
0.289296697697
0.3414457489
0.412470333444
0.0161830430699
-0.0533710934085
0.277871730418
0.34024387957
0.0653472571573
0.158853584231
0.230402202657
0.157007983491
0.44758267546
0.095438382238
0.0391616744214
0.388415133851
0.157005521588
-0.144101175118
-0.00573338515853
-0.946355853358
0.274313876532
-0.906165848161
0.208953987762
0.0132134915179
-0.0730912450314
0.0463400624759
0.295080558724
-0.0763271554297
0.180095878255
-0.00828716328664
0.317348534422
0.226417054266
0.297322623506
0.246469132212
-0.073919032468
0.182679441821
0.339602909107
0.289206186475
0.00775878448226
0.253264741612
-0.169042739389
0.202321228055
0.307145607721
-0.874604333915
0.431418270569
0.124122185794
0.0804270999651
0.123219535321
0.271928297604
0.345852766794
-0.424317923552
-0.19844474854
0.228072500018
0.18979089424
0.150990829822
-3.07077329013
0.306627561386
-1.42349836771
0.143898808048
-0.0775883924401
-0.277065935135
0.204427621388
-0.209441731027
-0.803911732018
0.154229978109
0.157845854463
0.120693498545
-0.354942365744
0.0157149465941
-0.375723835212
-0.236529897733
0.152379864421
0.398628823921
0.341400935525
0.259734278836
0.229376523436
-0.471481317372
0.216674591773
0.236282177558
0.246789615957
0.0661136486161
0.349964915776
0.310495093354
0.0633294677788
0.0585282780485
-0.18314347962
0.0981666596453
0.400892072611
0.239696363153
-0.0219524612752
0.353044357174
0.0417960504989
0.284362554973
0.223709971568
0.239692564704
-0.215958404393
0.0530378944206
0.200814295677
-0.0569924615027
-0.130475624696
0.0241870305076
0.289095455111
0.239939298269
0.267254961267
-0.23720485457
0.301283408693
0.0614628911281
0.286679645256
-0.0295046742031
0.175870426893
0.179969739075
0.241177988478
0.223361223583
0.107737993028
0.151881630007
0.382880363683
0.069548124404
0.110832786053
0.0959776315025
-1.07301946958
-1.1361719078
0.272676586593
0.311649693316
-0.0036593390189
0.356956226954
-0.168713258339
0.0564943766461
0.211610643226
0.0834175324095
0.277978832463
0.0104903102181
0.197739940718
0.241639960255
0.152178287008
0.137206011576
-0.169995356554
0.0831284013386
0.305115993559
0.265078392535
0.248277787417
0.303317560885
0.304698891371
0.173429122547
0.236318971947
-0.012155664521
-0.312730884677
0.129564702767
0.0179481247659
0.0996143027842
-0.300172509453
0.227627244589
-0.143455741796
0.267346528578
0.293409373131
0.0356295683548
-0.362632403906
0.301053083455
-0.153209989906
0.334005398248
0.269544460247
0.000345643243103
0.0435790591508
0.212472239438
0.236247953137
0.0782576540525
0.141729736577
0.245863854592
0.216603910535
-0.281025151456
0.00470582950739
0.105123984582
0.0948347577629
-1.21847096453
-0.010991193407
0.278060222966
0.184881644288
0.0824715067546
0.333951641609
0.254333378689
0.220159009725
0.125316556197
0.0828509462635
0.307734392076
0.28094864046
-1.35528962269
0.181157290937
0.24596925343
0.347145254414
0.387118070319
0.0981914322627
0.386151588031
0.0993670330045
0.289609436319
0.318101477827
0.288720601149
0.215795451134
0.380888930812
0.250688976506
0.32535727797
0.241121020111
0.153068541536
0.350313238093
0.227427753992
0.201740030695
0.214997684838
0.296175969593
0.257995809761
0.0668638145056
-0.0843039619641
0.182361040781
0.331348298044
-0.00158497633569
0.307969146452
0.286373033173
0.113367591014
-0.0174974667668
0.329235308441
-0.435834036426
0.0123016577625
0.21011301782
0.349962973488
0.20776517861
0.333972201283
0.0563972689749
0.266602116919
0.0392790486682
0.239729331614
0.19143799356
0.16813091471
0.2436814787
0.264028894437
-0.0240487913221
0.243194715483
0.19275008751
0.149866537534
-1.19119147421
0.102854232946
0.327432964726
0.000675500964321
0.276952481117
0.299263137838
0.0672544154797
0.306082446128
0.0789173203426
0.396936758792
0.137565990375
0.295533270383
-1.38608515116
0.0372740745521
-0.191018810737
-0.0476664960645
0.0100020905423
0.124051131426
-0.345158708178
0.0770690370242
0.329540652701
0.013470719086
0.12119615289
-0.0726852236964
0.233525285432
0.3106737247
0.239018940397
0.230532880596
-0.840709673138
0.314992673184
0.222783782721
0.170512526656
-0.283624134069
0.0984438595683
-0.0141636969518
-0.0387419286576
0.0609470892044
0.065326551596
0.293845061773
0.361108558535
-0.108178843248
0.0967228874083
0.120546262171
0.189125932503
0.244467780047
-0.389663191963
-0.459254716062
-0.184682432375
0.406942565742
-0.0798842433039
-0.197255642166
0.346368098462
0.30448820635
0.202767088858
0.319866105325
0.274978952242
0.258907903291
-0.205579152005
-1.38982844314
0.366071452066
-0.0188648832917
0.407827855317
-4.5335292737
0.31259007853
-0.106739873468
0.149924232927
0.236134387962
0.234241638816
0.320365561727
0.107352020078
-0.0172784038945
0.345031385856
-0.446510502383
-0.0137207569459
0.28053121861
-0.125791160019
-0.125647237062
-0.303225482266
0.181943251181
0.248287962292
0.391529507512
0.283882073213
0.068755966863
-0.0942653936348
0.237381244841
-0.408587096476
0.188792744343
0.218929505773
-0.04151203052
0.262689682343
0.372399651703
-0.144334368057
0.0773458210506
-0.0437208244555
0.1823875461
-0.521478053876
-0.0336502088142
0.231947552545
0.386627301709
0.179972964446
0.0344721331718
-0.176620594391
0.221800548081
-0.280263059121
0.249820172272
0.0540902412897
0.121018414912
-0.597844659791
0.154852410269
0.264067026075
-0.245247130606
-0.461710181386
-0.205486399513
-0.123214292231
0.274566827611
0.059196070533
0.219481180494
0.149859460574
0.30082392384
-0.0679129412639
-0.0736989197878
0.203872740908
-0.0365467226903
-0.00348653782576
-0.119788047752
0.205393532494
0.249580723775
0.171539593682
-0.00137132498743
0.11536885761
0.327603573687
0.190456568478
0.199026475433
-0.0268999994874
-0.330850598497
0.317953041707
0.262263379338
0.0406736943937
0.287449507936
0.381813015061
0.238912626207
-0.17071860038
0.147683820497
-0.0863598150488
-0.469675549998
-0.127559318941
0.0290520215776
0.0253080468098
0.105945447411
0.0812380456349
-0.0422876904089
0.138682172091
0.335445652533
0.277165225933
-0.24113960234
-0.191259380259
0.335189194681
0.207755921444
0.108402130595
0.345620549233
0.2748016726
0.197253760088
0.200806166731
0.164100456487
0.114129370633
0.000852534662158
0.067003135509
0.114852882989
0.0356495704142
-0.622822339832
0.125685405612
0.0907451143501
0.106242054616
0.231620668465
0.226990146641
0.0360748101245
0.332308995631
-0.173239880992
0.17410516375
0.250404834218
0.184339702783
-0.500220986779
0.0884421038454
0.267777987159
-0.00672925638834
-0.272230809962
0.00435087300248
0.153499303139
0.0157871262075
-0.0348166015739
-0.0740903674757
0.0942479062001
-0.42277213965
-0.216893918168
0.328005831631
0.00354098647864
0.353369569913
0.229883401628
0.133614869394
-1.30173065842
0.0916361964682
-0.263176399657
0.0497810088048
0.148430337585
0.0599311113203
0.101458688365
0.337285656704
0.272719647159
0.259992118859
0.191521443287
0.310188518323
0.17762253439
0.116679368718
0.246130756117
0.314281459628
0.273975152334
0.159656714598
0.138072609027
0.234995899414
-0.476127323762
0.184924896698
-0.176561761705
0.353303051865
0.165641942246
0.0555263619429
0.232220877193
-0.203243790746
0.0826060445031
0.181799154474
0.326173601204
0.228661777707
0.408114678834
-0.430994753185
0.186891255058
-0.0473203961493
0.377413083329
-0.324792752879
-0.168737228935
0.00180600438228
0.337269967113
0.232865037368
0.19706841353
0.293881680428
0.179857056372
0.206427886319
-0.0274841591159
-0.107985750142
-0.127541972786
0.236836742324
0.279316226354
0.364595436874
-1.27582083643
0.173479061198
0.120771789635
0.326010050532
0.210899267243
0.292714953404
0.233263171445
-0.0547335796989
-0.363249158467
0.00724757107933
0.294174382155
0.220567464475
0.340900389225
0.220185820949
0.215244985985
0.207276169653
0.127460017474
-0.328856348534
0.155118270829
0.0732239162755
0.156302578744
-0.0836718683275
-0.00636998330214
-0.00152449851386
0.184243691125
0.113299461091
0.24807045399
0.144897749497
0.31713025564
0.375998014212
0.296108421719
0.307796460602
-0.273937450176
-0.0429069581869
0.222867823802
0.287407082251
0.156370767477
0.210039479609
-0.0154923669669
0.259378529666
0.325337903523
-0.120239204428
-0.0461771772684
-0.0331975082431
0.167473995897
0.0106122376327
0.25065951867
0.13147412527
0.136376160682
0.0559015372436
-0.16417828583
-0.0113756839635
0.310080275966
0.362085209679
0.00520666046003
0.270706835879
-0.109117274135
0.20025796412
0.338820321486
-1.00791489487
0.0105154963258
-0.566859239498
-0.155901590735
0.193922344396
0.141351858816
0.325767917166
-0.0392989567263
0.288507372179
0.196092089347
-0.232116617931
0.301337820753
-0.0820877425649
0.00528404763634
-0.112189793681
0.302791837459
0.210635185975
-1.27916084769
0.285931345727
-0.542918975222
0.253829149121
0.175463872264
-0.0774443978157
-0.0907431649829
-0.265417618635
0.27377210131
-0.0154612393116
0.0871039196847
0.0962064124078
-0.13750904454
0.333744632469
0.0202334867487
0.174219629449
-0.151709683524
-0.205655993236
-0.0190930801796
0.349037400644
0.239984639107
0.209018623231
0.384789081302
-0.310102252347
-0.293053549122
-0.129703840557
0.0178770578879
-0.0605933944161
-0.193160737263
0.304098073082
-0.0687273821178
-0.0482355790111
0.0348764177896
-0.0511216833263
0.191717388746
-0.0631416953615
0.318865053809
0.223529425788
0.285929697963
0.210023579934
0.0710006841036
0.0391300810837
0.377773484476
0.208521862821
0.252554063955
-0.138106734654
0.188265122953
-0.123898776076
0.20589879827
0.361087197048
0.267089989695
0.220567081604
0.387020507362
0.0692273549864
-0.145815272089
0.273518911685
0.105166598302
-0.092266248363
0.304590113484
0.150253771944
0.16114212769
0.205768665476
-0.251590635904
0.150900438177
0.19745685746
0.185701290838
0.245068308647
0.204103161879
0.0932997677028
0.313086508077
-0.134678962515
-0.118099341708
0.213894677758
0.213520827346
