Linear Red-Wine-Original-Scores
0.332527856063
0.389801897585
0.401084693366
0.401796622271
0.33407238298
0.325075725538
0.311835203978
0.272546782861
0.314114131634
0.330763203107
0.35072904853
0.344520929824
0.398564248272
0.30303831996
0.278276119716
0.355102057829
0.360115461007
0.341835768055
0.287734542824
0.368824953418
0.321030704688
0.344674725537
0.343869364917
0.369417619753
0.354672148856
0.395577416036
0.347243400478
0.323988701964
0.343182216567
0.341158530708
0.308018162763
0.3097501153
0.292710287831
0.3698034664
0.366623095585
0.362258696646
0.349279070705
0.319879897738
0.341748259789
0.329238888592
0.350665471462
0.314112477419
0.39688669284
0.307121993731
0.326752377552
0.327964994992
0.3974961221
0.397572489409
0.37649016916
0.396270177125
0.334300488641
0.321403719194
0.347646876137
0.355648450438
0.303708175217
0.384751829768
0.277480382647
0.330115314789
0.437623457929
0.334120616069
0.376780439048
0.326532824756
0.348506987492
0.325922114611
0.332328492686
0.291325629087
0.412337878847
0.380710441572
0.429212898327
0.346031530238
0.341836626857
0.367027755457
0.337780000526
0.396803084801
0.31184794379
0.41516091875
0.354485876041
0.390256482591
0.326037964875
0.323667021883
0.354578615839
0.361444868679
0.353348315588
0.39302903264
0.377900791822
0.297377230023
0.329977218419
0.328467321526
0.347232728083
0.3756097013
0.34138426894
0.287891187465
0.365518630739
0.353011281166
0.355084674635
0.357964809342
0.429047140327
0.372070746693
0.32037848737
0.369048052404
0.371685448632
0.341577179638
0.325369564888
0.361382888505
0.252485170286
0.317108152005
0.36138198525
0.370971476941
0.368619180663
0.357991451376
0.330159864628
0.382867277467
0.386472296587
0.3670985185
0.405356085212
0.357238166935
0.346202854432
0.384587185649
0.342148728061
0.362728116678
0.342387136733
0.40538225702
0.310071619008
0.294547838046
0.338756247986
0.370203449094
0.339393830992
0.291819432052
0.312999514287
0.357624356319
0.358734288481
0.344876845381
0.322628393745
0.351285656863
0.345856056643
0.371405946937
0.370096346971
0.304746687997
0.343307381506
0.356634971099
0.43344244801
0.345852829975
0.323942188174
0.338417971876
0.395828545156
0.359051238051
0.361707799484
0.3052625547
0.379998843351
0.32688186331
0.361691630142
0.265227742982
0.306819505335
0.331940221708
0.33485180261
0.352004804856
0.368844343652
0.300888432695
0.361015754468
0.380286448079
0.320153072176
0.379891511386
0.324127890981
0.389550329142
0.321356647536
0.352284499994
0.413472030441
0.364368907289
0.314231607126
0.362356006182
0.314473415731
0.287052549271
0.394471459233
0.354252756208
0.352272807228
0.386568507233
0.387755954778
0.358787307334
0.322779190051
0.328468517759
0.361949112431
0.313726997608
0.392303771328
0.365020702776
0.370761963217
0.373349208075
0.310823391996
0.397024290371
0.386509741316
0.361552554314
0.367187575096
0.40426121242
0.389257290989
0.392005941318
0.354286364193
0.284564107758
0.310052425494
0.312217881136
0.359570031656
0.376044179009
0.310348880692
0.343384546202
0.249883029361
0.323443987125
0.355385367494
0.247285399777
0.374282048838
0.383498687589
0.405679328272
0.323681633927
0.288729327215
0.38484963122
0.299475794886
0.344150706711
0.343490602723
0.335186332375
0.334160662932
0.362392292511
0.390779000124
0.284749309159
0.385104363836
0.312347082442
0.361242745506
0.356641759825
0.352120500048
0.383362531313
0.39415799376
0.378729652722
0.376076188946
0.375970629528
0.343701330784
0.313012129704
0.303663825747
0.398656807512
0.366663367999
0.349926256375
0.351018502709
0.334474737445
0.346891296068
0.293056057855
0.395676497835
0.392273034572
0.287121307826
0.414770805132
0.355367396978
0.33870019862
0.396821298552
0.336012959191
0.339219713118
0.317596228842
0.393301809551
0.422161126785
0.341405436128
0.360384970758
0.276332772352
0.384944839662
0.401783805304
0.337886940679
0.28696836349
0.381719004423
0.372203148373
0.33591273428
0.341672387376
0.367801753315
0.340520888168
0.355150906282
0.358393903869
0.369805831296
0.388393860005
0.32727990928
0.268482115174
0.328532397449
0.309656576231
0.355815112517
0.407488049424
0.358914345571
0.329785847566
0.337930410275
0.361268564783
0.266198136785
0.353105079923
0.345470242578
0.357248243722
0.359833200051
0.337003065157
0.327663227295
0.313682510046
0.303658229987
0.429300878087
0.4109205995
0.375679318016
0.314190947562
0.384261196096
0.35906506476
0.381075430723
0.259903630867
0.366528554108
0.316360725482
0.349969767896
0.37884123311
0.390182865684
0.353394971273
0.37661634474
0.323767176565
0.365441860743
0.313807113062
0.380892364711
0.391529736435
0.396145267424
0.365816613934
0.301108920425
0.361713430481
0.375694208089
0.3663644843
0.326326553928
0.367344107515
0.362442261674
0.33211858573
0.394311754234
0.387908388946
0.32874940232
0.338072811494
0.34764994923
0.36145867054
0.307889954174
0.348097980872
0.308296992108
0.329407547312
0.383133935276
0.301095781964
0.396122188234
0.324990055094
0.347643574226
0.398698096465
0.346016682496
0.351396288615
0.263429625948
0.33458770222
0.355919198532
0.302778781077
0.368877972947
0.298852044975
0.347550009995
0.291486254176
0.356411509816
0.380187645156
0.320948455544
0.421531088373
0.330287286913
0.369917995844
0.275276745484
0.282812704859
0.333866470621
0.388919999208
0.313055784847
0.34801039105
0.374367535973
0.397320548672
0.283385075836
0.311682594476
0.316388973071
0.382608538403
0.29738615374
0.345149692759
0.312379509617
0.301609198582
0.349287738834
0.351894707992
0.335591108503
0.359586618041
0.367680135491
0.344079849386
0.348419739583
0.339414283042
0.321262348447
0.344049131933
0.297682875845
0.308284426518
0.356229656799
0.337530262562
0.321401029835
0.306062508932
0.355807218958
0.382853039736
0.332019642449
0.35602360249
0.320579362333
0.366260921104
0.389508145974
0.34915139289
0.328418202089
0.237011920951
0.388660332552
0.335572110235
0.39937153833
0.358652758472
0.294158810703
0.394740007751
0.394496272298
0.371472139958
0.301931375294
0.279677014857
0.40725066418
0.307334518744
0.362228876155
0.388387244394
0.419854882593
0.369956670318
0.326762498586
0.367980383125
0.380158970022
0.411013039728
0.296544049515
0.337202443358
0.360715409518
0.39207765847
0.353642062774
0.32882585287
0.405414540186
0.309505706415
0.397612604807
0.359170097721
0.323472796189
0.357590131851
0.343922924161
0.323160683133
0.307884386415
0.281830142917
0.36069307641
0.350067227875
0.401899852374
0.328054076588
0.374654188209
0.384042365104
0.367056380727
0.394833903419
0.401481603525
0.338227045838
0.284644814005
0.33769056123
0.372307476649
0.347940394403
0.365082436083
0.344383832432
0.309573110639
0.375580878395
0.361207736779
0.338674011037
0.361415005096
0.32595497294
0.3503767436
0.310358237784
0.405826582314
0.266111475069
0.316238432291
0.410862418359
0.381269838188
0.357399404169
0.3656374938
0.292153792671
0.308933777183
0.342055433318
0.387125481173
0.331092773391
0.337610434897
0.401900920594
0.310297481718
0.338933623828
0.282765448955
0.347257306532
0.361238152955
0.299861667041
0.363150006348
0.254553015022
0.367546152936
0.429357108417
0.38060398178
0.356917341817
0.361030703646
0.39708287716
0.346854694421
0.349553162155
0.366677749053
0.361424499732
0.4137051718
0.389195027921
0.377485854354
0.37600199486
0.38464749923
0.33965131282
0.318152236407
0.378458765737
0.326842867825
0.305505611498
0.386080522085
0.381598716794
0.303089618918
0.350405941009
0.369492630805
0.373056581567
0.308800103293
0.311414376629
0.379516951005
0.275048744121
0.36102097511
0.381884594717
0.295742495201
0.344251325218
0.314967613494
0.372984622036
0.288732681547
0.353533882405
0.331921867726
0.366886575123
0.320286432342
0.359778940378
0.398330148235
0.336725636265
0.298546407977
0.406779311131
0.345693262617
0.379638813888
0.290417437867
0.399061230523
0.35662892864
0.380367432987
0.39738057322
0.311563212975
0.366641923519
0.374800282806
0.360088447308
0.373411726359
0.328049351679
0.357208487535
0.262662453257
0.334894660967
0.276354842822
0.251827319091
0.36037366951
0.337220633166
0.386668106154
0.34333952352
0.325637836072
0.407227345814
0.324395862284
0.380454903934
0.357100296903
0.31994623572
0.323791832047
0.343092726078
0.361839030702
0.299451242901
0.326354012496
0.375654623606
0.348218348186
0.320030384532
0.336202527951
0.34849178306
0.286226665377
0.353873345403
0.251456984419
0.445829328771
0.326736166065
0.305071544666
0.338851981907
0.386891934585
0.367860941811
0.340353688452
0.309879253916
0.288526557804
0.329850383907
0.387133621462
0.353255050309
0.336762768957
0.263899340888
0.319600356634
0.353961568853
0.365979683347
0.352372874947
0.383134311526
0.375730345071
0.361470083852
0.35255145834
0.333400014136
0.345343250065
0.350641004979
0.400424593824
0.369419832991
0.368489224919
0.353682132944
0.355433723248
0.355262732443
0.341667766314
0.347219966184
0.393708412406
0.333151898808
0.293960292149
0.336913553437
0.308258039723
0.3203406237
0.296351426121
0.353742126155
0.310244129645
0.322292525151
0.364286453968
0.407722465721
0.321616346759
0.339038056885
0.346902068954
0.342047021263
0.365514220195
0.34134710782
0.34006394884
0.382580101282
0.418479042606
0.374384604538
0.39230800002
0.358609156255
0.364966739947
0.400531385114
0.33391297637
0.35093402492
0.358959941126
0.336483844409
0.36195731981
0.342864870999
0.31578466847
0.341966473795
0.332430601097
0.28230185315
0.331262157517
0.346977360946
0.390316303313
0.380688044673
0.352254141338
0.307184404882
0.351607885571
0.332910714976
0.366051455347
0.309340895047
0.312463706891
0.351981626806
0.342979143902
0.372165334555
0.333912247426
0.377294738379
0.295646419662
0.340850630838
0.34954401769
0.359558516508
0.274688007266
0.33642868921
0.361171742055
0.326270381955
0.347800919074
0.390638776254
0.38791308083
0.37364111507
0.318591638357
0.417628700998
0.304170456197
0.344212832962
0.393681018988
0.384012796044
0.318732624472
0.341281842616
0.387818398351
0.341126312557
0.37729158452
0.392687201345
0.353398705414
0.302320404379
0.340662558254
0.388859569995
0.314269394387
0.311913235273
0.354406707672
0.354994127563
0.346623643034
0.36474714483
0.36550578757
0.354286651615
0.266186226679
0.315854010589
0.374510576355
0.33992929353
0.310950963002
0.323245634404
0.428800119407
0.333147471992
0.356102385251
0.361969379891
0.36134917573
0.312455604408
0.334535010682
0.340305086314
0.315429726765
0.364571081806
0.365516586802
0.330171208649
0.41377445682
0.40974622965
0.341298713796
0.438645307733
0.368792197071
0.364977798117
0.363809920957
0.339479203931
0.359884443225
0.374553698216
0.339116882178
0.244307709658
0.308193677349
0.333160239004
0.290133933996
0.278758782435
0.334806733614
0.352299791968
0.372367928501
0.334452500566
0.35797846856
0.32176423943
0.320695125673
0.388940305236
0.252106637637
0.325073546402
0.320779318648
0.372320330793
0.295675955724
0.383028794626
0.410330142446
0.307290536505
0.383511092128
0.376884239112
0.285228929657
0.346004861214
0.349012198077
0.329556250242
0.345270778601
0.370315696105
0.362864045811
0.348128027264
0.343375302766
0.367760501931
0.360942259063
0.335822150453
0.328799320349
0.37260152945
0.331863309296
0.373472899986
0.338101465456
0.365460260401
0.313156024547
0.327821553181
0.320265782019
0.362746326428
0.446291992448
0.351890352153
0.381385403519
0.300132345947
0.378064387887
0.272876673395
0.300798795189
0.333046837608
0.328723029687
0.30899183366
0.37245078408
0.421316143286
0.361061485766
0.304763937575
0.315710013511
0.348416500506
0.310970893648
0.395092839122
0.297828444139
0.319691635
0.322165876299
0.313049825419
0.354650091991
0.359890415011
0.344181998506
0.247781493467
0.352021751709
0.405509309489
0.270533865234
0.400983354279
0.353256183958
0.331805371637
0.366803871952
0.306719467276
0.381710941119
0.361888980077
0.308782447819
0.283107144728
0.377336080308
0.328314546704
0.378318841678
0.310314848318
0.332767734213
0.332182998265
0.337024715732
0.346825317977
0.392226447319
0.402579437997
0.335614211283
0.360280967237
0.296686461617
0.329887972704
0.36614784532
0.354696683778
0.33651920783
0.380186698703
0.34956308751
0.322044629436
0.357617336299
0.306711876283
0.370579603309
0.321282341728
0.386192767082
0.326741637971
0.319224445586
0.366352922747
0.350562584037
0.347748459185
0.404807978135
0.371404509325
0.290603736893
0.312835052924
0.395471672166
0.408381127088
0.301036455358
0.319848832141
0.342297481912
0.29804737122
0.29983326345
0.380503088442
0.369618238055
0.319112277586
0.358870166068
0.326102576139
0.411407136913
0.311762288681
0.367029538713
0.334718650653
0.355782615541
0.376105215234
0.439675682101
0.389129743778
0.399984811174
0.390110280014
0.371614083061
0.332528227292
0.336911557312
0.308036330938
0.303657954859
0.298547473704
0.290324007665
0.388025997993
0.33739531646
0.350902339549
0.354384866878
0.326476364651
0.25309071903
0.305227986508
0.313565769584
0.300445570063
0.3257275606
0.321959195767
0.351542807596
0.368760904229
0.228776990004
0.319041621289
0.313581429107
0.431963083694
0.256018757811
0.372742453131
0.39298917771
0.383730308856
0.362339811749
0.338699972289
0.295495323968
0.434451426971
0.299024612887
0.332032285027
0.282941688325
0.356877271186
0.35055784262
0.343942987701
0.361167187417
0.368034978821
0.368343253491
0.331244879861
0.28276954238
0.347560774128
0.319447567291
0.281113569005
0.34252114902
0.430673322658
0.325704851082
0.36325819411
0.403470081097
0.337677583192
0.336901196501
0.309665905591
0.275960340499
0.408264552113
0.334695393982
0.286912133248
0.373275665885
0.341977475474
0.32059195165
0.369028755268
0.339127249538
0.290167444317
0.337979627206
0.346396472151
0.342382740614
0.339321961405
0.349106734414
0.341047842581
0.341384441717
0.346404415542
0.326105493309
0.378713262778
0.363974667668
0.400566186767
0.376729624921
0.420275145992
0.338496894115
0.360663488894
0.303151341486
0.320778881082
0.311089650987
0.41008271856
0.424176728327
0.298870706384
0.29916965525
0.329665651448
0.3445359255
0.324611546094
0.394194953603
0.32843391408
0.358989561099
0.360203162996
0.350859370221
0.31907637871
0.388714245106
0.350885272521
0.3634709453
0.355171342792
0.364506382888
0.389218802601
0.402409161446
0.349733534808
0.423684844536
0.336575747189
0.327809506051
0.310644801748
0.338214297492
0.401004072156
0.378560545087
0.326215607624
0.264137245722
0.333785376502
0.313256782988
0.35861244686
0.320097627408
0.365399972646
0.366571284372
0.402187054013
0.329320751611
0.359285571484
0.333019962917
0.277896457494
0.283448078426
0.373914867051
0.357799036245
0.421827371925
0.344333091991
0.335312858726
0.290785740022
0.345897901271
0.359694481037
0.401073006456
0.391422561799
0.313948788147
0.332837166269
0.359442854904
0.382481570871
0.346685860936
0.338256219929
0.361024676527
0.342527728247
0.319389374908
0.392058750694
0.343704378667
0.331762995976
0.421214300205
0.311602402797
0.442912919278
0.358767644842
0.245488172973
0.281636815518
0.328280372426
0.355839746232
0.327856832802
0.365180014939
0.363316116694
0.27840488119
0.374365648694
