Linear White-Wine-Ratio-Scores
0.370018722054
0.378096495549
0.305176310636
0.337111734308
0.395495475642
0.375967638273
0.33627030478
0.333196698373
0.373843067313
0.32050343834
0.345344632254
0.287720012488
0.352316789405
0.33379509823
0.344020637546
0.211615639715
0.327899987184
0.329237470051
0.352871928605
0.356141216577
0.358566258476
0.264597649626
0.397714978917
0.360631204543
0.369593036954
0.315064712609
0.291793513027
0.394371672417
0.340441143275
0.336952319514
0.340233616072
0.372131688785
0.380065060939
0.343844626304
0.408172882459
0.398048865059
0.324624903699
0.373226634165
0.228171405364
0.355466556405
0.331691979731
0.376584064112
0.42460873733
0.16003533262
0.283438749144
0.404865889929
0.37816824
0.35305740881
0.386862315261
0.356571946852
0.362512146903
0.326927165687
0.373221018317
0.294621900385
0.357147590832
0.28073418783
0.168533499852
0.355027435262
0.275775890741
0.366635581645
0.236215937279
0.370601517319
0.373823744589
0.365833139478
0.353252175676
0.338491418617
0.327779114178
0.400375783477
0.36056708554
0.352420650901
0.360308223443
0.325700189128
0.347245172159
0.381972297931
0.174458187412
0.354697099474
0.3622167607
0.347480484941
0.351450320554
0.363990178185
0.351481797165
0.387411202898
0.381310130175
0.379681967461
0.365154807768
0.355475019024
0.326762290353
0.336531623973
0.375427804129
0.290403027186
0.379391832365
0.191077433464
-0.0498111595182
0.326798542343
0.386551367734
0.371610199464
0.392510709726
0.354696545345
0.366910321593
0.322329509719
0.356165883584
0.359232886812
0.346191982074
0.384545416605
0.347306491533
0.378242697122
0.366166751225
0.353929615713
0.371277458846
0.393291427046
0.403142297723
0.400388681354
0.347759809056
0.380707773552
0.342111158108
0.385582181733
0.358956012763
0.391498111445
0.333176682753
0.334887733417
0.357494915523
0.325961612463
0.318627489081
0.37343308382
0.372866223174
0.385034764545
0.361207478105
0.379422622022
0.372434270793
0.339883021316
0.277022544661
0.378034666788
0.290334764648
0.364831062807
0.12221221431
0.37291053215
0.325610200043
0.362880420372
0.34606320191
0.375413712302
0.383807738988
0.311574242568
0.372059229113
0.368753895184
0.368535867724
0.357783808955
0.361170441038
0.336161725272
0.24141234858
0.333127232141
0.146083904379
0.36599267987
0.38966773148
0.370446187628
0.350735694344
0.365719263439
0.258646693045
0.381404638162
0.37174216942
0.335028567529
0.381723814365
0.356223913153
0.346188773631
0.126891739744
0.230974456395
0.381135967528
0.351481076212
0.324175836393
0.329980601886
0.356818147696
0.335400968278
0.355367828471
0.358355313474
0.15382837863
0.396948730947
0.326333125074
0.355961924762
0.397727553652
0.352393266322
0.363028010499
0.273728651945
0.328515538235
0.365424738427
0.33115992999
0.360922548941
0.404678920137
0.338674145075
0.337640806637
0.349486721955
0.328604856335
0.329443949757
0.343969962631
0.385623053635
0.347779712031
0.33213088854
0.357516267587
0.353688537025
0.365462261367
0.3459315643
0.346558168465
0.282158630416
0.393275907836
0.388869568682
0.299677960184
0.410640739498
0.358895809582
0.280371186882
0.330822538081
0.311218889093
0.296872117665
0.348831842307
0.381632711577
0.351728945294
0.356362748003
0.281127596695
0.357016714888
0.340199887117
0.366556576906
0.382768658254
0.356875947355
0.350249756844
0.362123603798
0.347027143258
0.360133956351
0.383940114685
0.260645478678
0.352820302877
0.351881956769
0.330673532844
0.187352478777
0.368997768102
0.379242195444
0.313187229851
0.357953986738
0.386218254825
0.330668888848
0.384142903594
0.348891305046
0.361913576372
0.352829526463
0.273277485543
0.392177435901
0.373209723099
0.255060559151
0.333862478721
0.374045213197
0.379660523732
0.268377004776
0.350454800424
0.303725318074
0.352779664967
0.374062851384
0.364968158534
0.336915369581
0.350157426435
0.38694555325
0.330409753224
0.28820218896
0.335351604671
0.32593331945
0.327935323674
0.336172522472
0.35826972684
0.348802038851
0.368215585815
0.377491343257
0.37848703417
0.347836623787
0.408379655039
0.373696219655
0.39292423555
0.370038218657
0.359994035544
0.269808399116
0.254979966679
0.358375376223
0.362274407509
0.379704573709
0.362537839542
0.334147299208
0.34452305939
0.413406978355
0.394940392677
0.3239790619
0.29131904906
0.42163863821
0.341390372584
0.336043937105
0.339412211432
0.41120289024
0.387043764704
0.38125679558
0.348301816668
0.105665761526
0.372633748545
0.35833290686
0.312329488806
0.276774056215
0.347456937454
0.353856192545
0.317469217091
0.40678505041
0.368898139546
0.352503484529
0.358020376257
0.391516028971
0.351398466307
0.30510586688
0.359898454329
0.318791273083
0.379492291314
0.320890548913
0.401030190435
0.31004047009
0.336913880217
0.334467763072
0.390761695062
0.366930338217
0.401143280674
0.371523302687
0.354349131974
0.378796501812
0.360233500254
0.36125130171
0.374058333711
0.241384266131
0.259917615276
0.413454910749
0.257396440971
0.325317744618
0.326337304508
0.358305660378
0.39509466323
0.349583589424
0.359517658105
0.368736942405
0.391690864287
0.342940339458
0.388987424557
0.311616479651
0.225447421661
0.365244293507
0.368544352921
0.363199257474
0.366490591478
0.385168541503
0.398203633429
0.203151825253
0.397308014398
0.352126876932
0.368383522548
0.355355162712
0.316976314089
0.330356707733
0.353472474641
0.35126359586
0.35708232572
0.309216050304
0.397067556278
0.346473805985
0.31797324631
0.324715073873
0.325925957775
0.317388232756
0.271258265524
0.32379473514
0.312545169655
0.395087272134
0.361582075838
0.366015044347
0.343385693631
0.383146955318
0.394330521033
0.381863798486
0.379778562112
0.248795435877
0.346775415829
0.37363010031
0.349017284727
0.343749103748
0.215540456927
0.383056745641
0.381463736147
0.365403796491
0.418133675499
0.373669273814
0.3594951832
0.335462116092
0.296702634267
0.375860777626
-0.119978295
0.300016523179
0.361892849507
0.363856050362
0.340059121573
0.3778445167
0.355754346235
0.30231216463
0.368730738179
0.394848783384
0.3888826973
0.266913247416
0.353742460721
0.382812607871
0.303718985464
0.393008084478
0.368615935571
0.358743513425
0.28874205714
0.26275478099
0.211704535008
0.364106034019
0.392287666676
0.410481768117
0.352566765731
0.368219161167
0.381515052031
0.354139342241
0.364842635731
0.289786650162
0.378145231366
0.142211173133
0.357499500085
0.384198296638
0.393093025205
0.398873743825
0.318769493696
0.295903196729
0.358511929343
0.364842453471
0.351197000766
0.211622168955
0.402715320836
0.388687775741
0.387020160187
0.375653244686
0.246982206193
0.391957739183
0.33915286384
0.346976620994
0.380316912172
0.348515367217
0.340193244451
0.39085375737
0.356078208402
0.257931799444
0.332004030099
0.307781614532
0.382778935527
0.35267050864
0.331918908364
0.348848278014
0.3716992657
0.303862182077
0.120630435173
0.361646597844
0.383090319204
0.326403166011
0.354155045401
0.333809260902
0.0783908873966
0.0974184531403
0.315964730388
0.329111377486
0.369300617595
0.391334531846
0.346996513264
0.327023066059
0.385762276306
0.18297552163
0.32860290517
0.365565023839
0.394269367009
0.425823061691
0.318339730089
0.269681872461
0.152532845621
0.387925904793
0.341667317553
0.381216715442
0.349400117448
0.175076048131
0.332701085338
0.351834919696
0.376050494868
0.360788854754
0.400221557554
0.239389966591
0.392483571828
0.397740850835
0.353205473394
0.361470641823
0.412403827573
0.369773289236
0.340173916305
0.343523578166
0.365671242717
0.364634227296
0.380036772392
0.0814850957276
0.357715079365
0.38068662986
0.345094446547
0.399047678598
0.367131872862
0.340745744842
0.381156903784
0.340600717812
0.401596364476
0.41134471636
0.324203412531
0.318715108247
0.376667001193
0.373195276955
0.349480187088
0.348285866855
0.37105267061
0.422406584773
0.368680863024
0.389569296667
0.39632841135
0.391219917481
0.400117665795
0.324765133615
0.348766747625
0.33941885633
0.332809889515
0.366056951045
0.236962211142
0.353040120954
0.318025984344
0.343205570418
0.178699452683
0.380503425391
0.324875770694
0.286063523608
0.310998802559
0.340391690704
0.295661460621
0.356944399382
0.326411187232
0.388723086033
0.404325840377
0.392131390733
0.310482438102
0.399787024696
0.331940433532
-0.0281852209925
0.322121144862
0.248106961541
0.383442873563
0.337202446578
0.352866340527
0.346837657812
0.293638518388
0.361821140083
0.384335116277
0.338769023985
0.375723822891
0.37021005177
0.330822061095
0.411490595632
0.391305112924
0.287268682477
0.378345609916
0.324364836448
0.350642923741
0.35674588033
0.371014119927
0.368121121378
0.2073209874
0.248469413202
0.347488137537
0.0679799362267
0.364259114717
0.312001548508
0.372266827231
0.376885522624
0.350337775478
0.353323925078
0.375410172342
0.341808245718
0.331760883226
0.363803122305
0.319198573112
0.374951927037
0.363222214239
0.394781386877
0.302680056069
0.359564861821
0.377927027334
0.391610419388
0.375618258507
0.282246245892
0.3093553527
0.350475375646
0.345500534728
0.379423086527
0.304616486647
0.346412262628
0.341859297949
0.24775211673
0.228774350125
0.420122924884
0.394565738539
0.381883071922
0.262988676152
0.294425403247
0.349949874271
0.384769722761
0.339928780549
0.389576283666
0.383758865144
0.362712333822
0.357589324513
0.336251186064
0.290026031368
0.108586551966
0.353650826399
0.332975578889
0.315297473977
0.390393260222
0.34977864531
0.356480326101
0.375088746051
0.315273928893
0.352180811032
0.373668483583
0.359293369888
0.357122989182
0.224051347518
0.380973931801
0.373951333917
0.365601533046
0.378526833191
0.386855852277
0.340554925941
0.265394548904
0.367111830723
0.39190653078
0.299560857064
0.409923578943
0.330387861122
0.361498395957
0.294344297936
0.350044828713
0.3291389383
0.352791956807
0.27315549935
0.20752206409
0.317531651048
0.341903509074
0.355810399342
0.381914470342
0.281264815909
0.337220152889
0.378305819755
0.272870271316
0.325356006932
0.332306174894
0.370918872008
0.352753935129
0.325204674424
0.317192866523
0.346976971542
0.335628706455
0.329589595035
0.397040402928
0.356718894467
0.380264109239
0.32541647291
0.327930662807
0.36223026582
0.382226421615
0.365840720246
0.338725492277
0.352555456602
0.279001843141
0.341409790763
0.308017534913
0.313814225896
0.397165133785
0.334448525844
0.243720662752
0.386971801373
0.371845294438
0.356352634027
0.278713761545
0.341389827862
0.0574139634609
0.367348866404
0.355232253075
0.378919092282
0.325066815873
0.368824444167
0.344846532177
0.347484514237
0.377636993062
0.29929091096
0.389651894243
0.349090100046
0.313044498471
0.394905457421
0.333109285928
0.327044556332
0.316226669156
0.379399772799
0.36326974956
0.355296351202
0.376575056238
0.363355324368
0.402859296443
0.314224040486
0.359008506363
0.407225376254
0.409697226604
0.34314254797
0.385252555834
0.371889231023
0.40800861391
0.362405441133
0.326536421132
0.399154825234
0.347181058208
0.366175156587
0.396785185862
0.35636664834
0.28916439422
0.367314897494
0.392608612221
0.350558990551
0.3740665714
0.338868594087
0.369098222539
0.408614239034
0.416066783848
0.32853986517
0.342853047721
0.398518349525
0.372825072137
0.297579770907
0.357483711015
0.358680459088
0.416965177614
0.278866457433
0.365026302516
0.387373026856
0.378930367379
0.398122891419
0.33013337026
0.367882364212
0.366642639094
0.326321692542
0.33136953367
0.407933972765
0.378540590588
0.143914450477
0.379384896664
0.324106008919
0.39680210922
0.362893807161
0.400457851525
0.327225315713
0.196760259388
0.389264878682
0.345745183531
0.366076720123
0.313041029203
0.348079217269
0.370577810838
0.369225618783
0.400111744981
0.362414982978
0.36887363129
0.306748989429
0.393700665809
0.349505700994
0.396666666299
0.29285889654
0.351226270164
0.377177767412
0.370108390855
0.392991042446
0.377535827904
0.390154423006
0.366173549306
0.407615828488
0.363996737834
0.415023049973
0.37218228192
0.340835398129
0.346239776556
0.230227577726
0.344920606179
0.368396644394
0.275622493339
0.38181575548
0.371039187746
0.386352382389
0.373123909765
0.385984098053
0.368989845558
0.372398870066
0.351311882522
0.272603682495
0.367163102567
0.328186853453
0.0840866124046
0.395633637966
0.352515276341
0.365671652564
0.384549109771
0.291206358411
0.339578384056
0.314653062483
0.363374223694
0.38561981191
0.332355201312
0.364161878368
0.384576573189
0.253090102045
0.316284580431
0.388973114864
0.325279116743
0.394972110449
0.374426314388
0.35644586248
0.374881450928
0.309948746814
0.344869627275
0.381186100374
0.383107977449
0.372526832788
0.379385830973
0.234828431257
0.205504322517
0.368440912856
0.349168253817
0.354631346037
0.392125255142
0.367472628235
0.361789043687
0.18965165319
0.357781886118
0.383120404878
0.208029850266
0.325813069538
0.357492401655
0.363520840132
0.365124138184
0.390309228259
0.370061199239
0.377472661515
0.351317773513
0.302682751616
0.309932275307
0.337668179763
0.29430892641
0.378797993215
0.343648698768
0.318838453688
0.34305543336
0.279263984822
0.367558529872
0.304896352729
0.388636926892
0.335433089166
0.318054679874
0.35912447119
0.355108164564
0.402682422265
0.390915934364
0.38978049302
0.38374772974
0.323771461253
0.245394350579
0.342615841276
0.342347269899
0.389711951293
0.314855062838
0.295461686581
0.385999184022
0.334472051107
0.378049641216
0.384987483049
0.37379580856
0.251943759777
0.343695515146
0.347175530082
0.164362644743
0.345200605254
0.338129693342
0.314755937336
0.3491620535
0.287701808651
0.344941162597
0.35816175824
-0.01503798355
0.442191806022
0.393005215993
0.305476890023
0.339166055901
0.332517658942
0.353877995704
0.364134686253
0.331694770055
0.392476203281
0.350873733976
0.364105472558
0.257667116915
0.365282290703
0.388040539148
0.371716183686
0.35883585214
0.357923707634
0.365751405065
0.324772974135
0.356417443605
0.405600913299
0.332824209244
0.336861538575
0.383219149066
0.239168336342
0.376066615399
0.34241260097
0.389830658915
0.378652680601
0.386733026544
0.342075809739
0.377541575149
0.362865022461
0.321494150941
0.326079881208
0.383395228611
0.374072468744
0.318652944513
0.297550425735
0.354186746729
0.300036568756
0.352417940285
0.178283836732
0.347582006163
0.387610325637
0.345421114227
0.355738379435
0.331461172885
0.37431027153
0.366236053639
0.276018118375
0.344364493244
0.347487262566
0.381518180465
0.317526514526
0.321533966503
0.333473967257
0.158681999525
0.316956879769
0.349829263841
0.352174737706
0.338891831731
0.387859446429
0.351495485603
0.322652957408
0.362640918348
0.378720512662
0.346441073205
0.303594877055
0.408801878184
0.341069370972
0.373064724937
0.332626717336
0.345178053683
0.34412087353
0.351474908504
0.34226719406
0.369670588729
0.368861926343
0.375353308677
0.20293535773
0.349235032316
0.368623863857
0.359310145501
0.319622463837
0.374269591421
0.350404435119
0.377688930142
0.361704877823
0.425655693556
0.287472811415
0.250665455668
0.355606376421
0.397833726871
0.393083809121
0.0796586877685
0.327187599195
0.360417228843
0.376183060955
0.330502661412
0.385810829931
0.33817741177
0.362787339037
0.34830362235
0.377554472425
0.373748936034
0.351597154028
0.357091576741
0.252272803525
0.36419281011
0.387878759218
0.387423398606
