Linear White-Wine-Quads-Scores
0.339741006568
0.194870030016
0.327139512395
0.385210243701
0.221449605807
0.361426758532
0.333532239336
0.301217375485
0.331489599285
0.241914651514
0.277689643626
0.214589179329
0.336039207318
0.207212105888
0.222683389222
0.28353884066
0.234394561093
0.256230239447
0.264278622854
0.215574679647
0.363462826283
0.321664167274
0.234639465212
0.357904437651
0.234752456211
0.332313480742
0.34424496443
0.312787870829
0.389189570169
0.295188796503
0.375713280941
0.345252262151
0.36498644642
0.170017736035
0.360183144794
0.348700538266
0.233936810158
0.33732028349
0.361836108378
0.356490263285
0.344403182856
0.322358588286
0.364417484415
0.151824260516
0.364924186135
0.358884156384
0.344839323088
0.349340189973
0.301727416421
0.287110908717
0.34171871106
0.361513760946
0.393819618976
0.379821574894
0.196797202727
0.263518106075
0.314795141789
0.35527301954
0.225572826722
0.382708445572
0.359507231659
0.322602493029
0.322840627259
0.322827538604
0.353005686336
0.215273414262
0.278222916247
0.263325226635
0.359259468282
0.229436993426
-0.123441309631
0.372953404158
0.341715893934
0.32405169591
0.361858042152
0.398909901268
0.307613253178
0.354414766155
0.369360057019
0.313123762713
0.350990121541
0.219819803155
0.236092797871
0.337218346497
0.357831596125
0.290765048045
0.367769740638
0.325730702034
0.274449884642
0.34150240868
0.336778702342
0.352114517407
0.307940848464
0.359257330821
0.384548614308
0.315877968759
0.169032325082
0.3494055681
0.361465645539
0.373611462563
0.347147552396
0.316547085675
0.331070803908
0.394927108264
0.348343299492
0.176773638831
0.314672870669
0.262764076662
0.332351946542
0.302624708126
0.259066446203
0.25834354171
0.325997020516
0.343932485605
0.237178990344
0.363051461706
0.340485756198
0.388626721134
0.226273578769
0.239500030026
0.244775857066
0.267123026634
0.331514090741
0.367698208261
0.351612199347
0.199192920501
0.206281475824
0.03878150587
0.0577156832925
0.363450874019
0.388722535491
0.363779239688
0.338937152961
0.211951502649
0.330127554908
0.373927605955
0.347584449989
0.296856146519
0.368350755175
0.197725655456
0.34942553013
0.372954271483
0.260737656343
0.39999296369
0.388234408396
0.339321699026
0.359194825713
0.256614181119
0.363708737751
0.372112201555
0.237596511765
0.175063536232
0.318442434559
0.346092112611
0.375378971853
0.30859209645
0.346712245907
0.32835041419
0.351663165663
0.251798753418
0.251212680805
0.331952255232
0.298247656645
0.369656960595
0.298671156165
0.298958990886
0.132586193456
0.344031214119
0.353737091629
0.342561357024
0.32958014177
0.354248626013
0.360195763884
0.373252200612
0.345791584545
0.339861411192
0.380185256588
0.378948754232
0.330712639642
0.391541308979
0.325618475675
0.196403881246
0.228752462769
0.308283229732
0.358097180453
0.350166881797
0.383407994913
0.359727142361
0.33633619037
0.257903673408
0.307971782996
0.332084559133
0.360533405719
0.404738146664
0.392059084873
0.361906151575
0.329636281173
0.250113124736
0.323700013552
0.255730974323
0.357228064064
0.381567658407
0.372905379612
0.325151482423
0.321961081547
0.360681914078
0.343514870553
0.330572164505
0.347314114777
0.365408385983
0.33200156215
0.351723700967
0.360740478902
0.364981874965
0.327865999718
0.318406893983
0.344427165838
0.328716986552
0.253809177236
0.20264969761
0.21969627038
0.410030733215
0.130224049875
0.370400855583
0.256416375726
0.339787148913
0.387302969767
0.383696924451
0.210303514534
0.268112734995
0.231279847568
0.374194906083
0.194966533166
0.0843662847807
0.348032220288
0.368201038439
0.330936996705
0.258378829233
0.29663107592
0.350117071285
0.313216230987
0.33883846797
0.313553669847
0.377093231763
0.364613552851
0.264715113177
0.329284162151
0.300900987655
0.226102821572
0.335009048335
0.389971526459
0.214798859943
0.356675309236
0.341343484428
0.346812816042
0.348581013978
0.26218629316
0.00674407098892
0.184905803917
0.381342483276
0.292672978204
0.32832076537
0.342379016947
0.320579747019
0.374190136457
0.298925507974
0.288756932307
0.339206682306
0.349175391845
0.196154852294
0.315293570165
0.353467163546
0.33587830478
0.213339894893
0.331356111111
0.300813779445
0.175396105671
0.318892594973
0.11229196461
0.363364722314
0.348133249167
0.157339947071
0.328559362925
0.338009831534
0.0692536751652
0.258135214969
0.326535129833
0.363072023404
0.354968041133
0.185804594792
0.370638650238
0.227316688798
0.319546367315
0.35397911269
0.0793017655554
0.350634076237
0.362775470299
0.403005351735
0.367286636456
0.348344021684
0.127678803694
0.338567472582
0.243545508419
0.369922894611
0.386815977075
0.215425928007
0.01097454402
0.265662499494
0.246616738772
0.320765400828
0.323670693941
0.363146641501
0.403737648187
0.224176853899
0.362934907166
0.356995424289
0.212716354396
0.322124836822
0.342528906856
0.339119771827
0.37534995786
0.356186917041
0.328327330959
0.173689935565
0.225775879056
0.377442552368
0.191062317392
0.368850939545
0.351941888765
0.324833584592
0.343310381233
0.31605468988
0.325466389713
0.297689886831
0.362856533557
0.334502535164
0.322961684466
0.361177637451
0.327887584572
0.259605991442
0.225903147884
0.181664706115
0.341398056458
0.308240666667
0.357796021475
0.208455484283
0.316588241578
0.297749743878
0.347081553582
0.391558059688
0.206663470105
0.389085448042
0.335026995646
0.256692339277
0.352664340311
0.326727766532
0.344803536055
0.242294932717
0.307835898742
0.372643051464
0.337645645673
0.365209869223
0.267891253285
0.386181735864
0.343800308372
0.369302519568
0.309246764803
0.352908780963
0.275253258857
0.336238171034
0.236743670727
0.36277239187
0.31577097863
0.324604972141
0.350815764846
0.355602327887
0.283557948553
0.33779705027
0.376354278847
0.30272910567
0.237097758112
0.389973419164
0.35706698917
0.317062700051
0.347479449783
0.329646838608
0.348853254493
0.330917006839
0.362859341243
0.380630157855
0.367390352366
0.229459510088
0.337187854833
0.360159477134
0.352255265962
0.333862322155
0.378411376581
0.327432427807
0.350335585679
0.377651720682
0.267595966309
0.325593938476
0.264152889091
0.341125054025
0.177539562692
0.227850271242
0.357846865461
0.343596443175
0.348838014875
0.339318924546
0.370170570904
0.340636201583
0.177983169678
0.325589090603
0.201509680639
0.361829286828
0.236618578378
0.216112468761
0.326298658418
0.367726042331
0.33818052583
0.338306255827
0.308865013259
0.368929973894
0.228148111661
0.354010167825
0.331254584748
0.199689016212
0.353321412887
0.126307806034
0.0982888142218
0.341909428114
0.307877857037
0.347836011395
0.199540101539
0.312889977458
0.183863764784
0.318932205773
0.304134927959
0.336967781756
0.320169927366
0.343873832358
0.196632274276
0.399599275929
0.347531572417
0.359342097717
0.357095042876
0.094027317782
0.0197208057133
0.216965259888
0.17174317118
0.338221507222
0.279201424323
0.245029211335
0.348690971625
0.34911904159
0.168311804688
0.347507619699
0.377268711956
0.328847066379
0.248715757885
0.275822603223
0.336706488848
0.324472960511
0.336403962723
0.236363583779
0.269254872175
0.338529424019
0.352256616252
0.180233612145
0.140208771628
0.120885102089
0.361196585539
0.366699462466
0.179135818676
0.132986602269
0.0623804781203
0.281660297546
0.324223992461
0.325676569291
0.270617577734
0.361735099425
0.181210940646
0.351783175381
0.371958348293
0.358179803613
0.315026099299
0.334789076213
0.330174304002
-0.0356183953181
0.357942747883
0.37580055836
0.317848624893
0.313938114437
0.353647050123
0.341483036169
0.363219423906
0.353836942736
0.324059720487
0.354842831734
0.375724383653
0.340868949396
0.23407870554
0.249613194327
0.34112237977
0.205461735633
0.333923240838
0.385742007814
0.343677880659
0.27517124491
0.333600454517
0.365309730881
0.267085704894
0.249980522769
0.361758919044
0.327068152521
0.332750802103
0.370828356059
0.352982051096
0.32504629755
0.207855627575
0.354443450879
0.326734867052
0.376261014194
0.24220391086
0.365466320437
0.360295330836
0.339491923723
0.349410814259
0.345632154945
0.347177053304
0.318599762407
0.392017298197
0.352847239152
0.201465317011
0.289404141716
0.369255470446
0.329053843997
0.338140425139
0.34696480425
0.205661157491
0.345716543079
0.343482119283
0.347785917742
0.358567401669
0.338673569815
0.327139972505
0.360232946306
0.354319709677
0.198881138517
0.332215147937
0.367474466063
0.382408670099
0.335646196872
0.336731165249
0.339861796252
0.358226448696
0.354302399409
0.186342640055
0.356641599175
0.331076762278
0.25339532969
0.217195878333
0.31344769915
0.346644312332
0.366596669304
0.354624007742
0.306672615949
0.341060996902
0.359209129313
0.297266849672
0.162971685855
0.327187102971
0.344186155292
0.242425198162
0.376827779336
0.358124069357
0.359637238885
0.357936484983
0.209132133554
0.253591009632
0.344475789103
0.358778405173
0.376706162808
0.245573838637
0.324546038927
0.406893148341
0.372820404565
0.348388399284
0.330208518076
0.35538206765
0.332559903286
0.354863820504
0.390678929045
0.302238921518
0.212561377305
0.324777614234
0.342707420172
0.218577528398
0.309744303865
0.247649478545
0.283635088521
0.347814182519
0.375867290183
0.327427617846
0.235435670857
0.349975800842
0.362058770377
0.32699284144
0.243463928591
0.171144841299
0.181382328817
0.16896961454
0.369172925335
0.366201273591
0.283538740282
0.366701444773
0.220681822754
0.212796386471
0.326707274561
0.334188152859
0.277235233293
0.349663739822
0.37223157492
0.368163500198
0.332857853759
0.38848943761
0.348046972894
0.343301639176
0.205345295668
0.324011317434
0.255040608667
0.300170935178
0.353510983919
0.361202078731
0.373150995619
0.324700416634
0.382224295429
0.0293634673154
0.192250763071
0.331013744846
0.268552292673
0.382517717949
0.34235542294
0.327099175023
0.281281864604
0.32631775148
0.229983695887
0.291889836032
0.171082089232
0.354221563209
0.391920538979
0.341078112588
0.369089069549
0.370994103494
0.337258784913
0.381671284522
0.246531261257
0.302712742423
0.23665469305
0.244052759024
0.350150331496
0.172800381951
0.370672850716
0.339095764386
0.382045033048
-0.198711886628
0.384455636082
0.205420303101
0.345970386448
0.344644485891
0.225360656779
0.230864705918
0.31310555514
0.349930914055
0.327918540051
0.370808318516
0.38511277493
0.221969340778
0.315684632111
0.31317620842
0.244651109418
0.24807371814
0.336034678516
0.342072401159
0.327301871417
0.215874227107
0.329546506601
0.352828448569
0.333860049274
0.264552477199
0.279779308937
0.216286820996
0.338164111627
0.261730556316
0.324183107196
0.320869645915
0.126983402441
0.332374852982
0.319187585395
0.244548275061
0.172919852868
0.277580084607
0.352599364163
0.417420296351
0.347720602744
0.345215017139
0.329411691335
0.258637270985
0.364601614255
0.348767625487
0.340409413598
0.355027567162
0.186851458763
0.341920441216
0.227386912427
0.191260955965
0.106563260933
0.231163169771
0.269600534883
0.395283564848
0.295160353526
0.304518716811
0.366401183571
0.188026932092
0.320990706597
0.371782421996
0.332209854768
0.363344797454
0.319335362057
0.365026860289
0.3528546831
0.37204050972
0.361148339189
0.375886222481
0.340233413755
0.229543636924
0.392606881374
0.284549762724
0.174809124009
0.0397712016774
0.3368340157
0.334489855936
0.289660251741
0.421992544133
0.346321022347
-0.0290526959715
0.402834838838
0.344022412859
0.0260341708369
0.405927259274
0.270717725457
0.330604315421
0.34221133473
0.358291631161
0.359799144606
0.270714170708
0.203892419588
0.368464608257
0.27486203513
0.340728782405
0.295301902555
0.354614923383
0.234092209944
0.346635133292
0.323732042286
0.347487464417
0.362695063048
0.236059147728
0.368683663161
0.253176749218
0.336865053533
0.344783653293
0.331794366771
0.339297588996
0.340336273149
0.380953579957
0.302172029607
0.357155427979
0.346556462809
0.345729533558
0.363144889019
0.232996250654
0.028475083705
0.255082307577
0.358660086033
0.356689692103
0.346161222558
0.318915487182
0.345606743808
0.350547897654
0.153010349086
0.370642930975
0.339197280942
0.316738480683
0.21233878089
0.347244096206
0.214802090843
0.380775796851
0.332623086071
0.338903434828
0.3295064732
0.356047405033
0.377674500797
0.355105600709
0.330267333197
0.351380052855
0.340392040299
0.205296191577
0.308907593482
0.319066149546
0.337818791332
0.353205312789
-0.316989937723
0.39372728865
0.371817795321
0.364283327773
0.360084479656
0.327230129796
0.33013530568
0.372081633463
0.363874377501
0.239695843726
0.308696231992
0.36068373321
0.3363289086
0.255599897376
0.338294394611
0.213411752483
0.339629856216
0.335915098656
0.358372920971
0.350807586433
0.133766716269
0.369017115519
0.329100852256
0.363628587719
0.211087587952
0.30914027552
0.284396402173
0.20726319935
0.34230743141
0.39621917962
0.22375068842
0.357720014509
0.277534542625
0.313959937259
0.185796261159
0.351576682003
0.330380155376
0.351226082486
0.283475087336
0.391015210568
0.321240281114
0.393762581598
0.342681043772
0.339254520708
0.319022858946
0.255604784595
0.341413363115
0.211091186106
-0.013969768064
0.341777940497
0.406185931202
0.224379838034
0.298013394302
0.250912146974
0.270174066065
0.224963865494
0.347646150283
0.343347614405
0.347216282865
0.361483666944
0.365480859068
0.350708822267
0.314015938038
0.362347903454
0.365779666884
0.218698938988
0.387472319558
0.353392855889
0.296168820057
0.344067073768
0.169973566766
0.356335403226
0.351591330046
0.346758470456
0.369372337787
0.362183915228
0.276438102714
0.201101985068
0.344371185937
0.205418757075
0.182458679333
0.337068832796
0.368913299092
0.350171004632
0.356060583538
0.283958583546
0.202290276219
0.35217754501
0.352073300246
0.333079860241
0.329054969587
0.378216391779
0.326262949278
0.348025300897
0.282720176412
0.346963263245
0.390502585893
0.366896397295
0.346255507588
0.358822562504
0.190934148059
0.363817094948
0.354939225099
0.276740406811
0.322573757874
0.347351921107
0.39085122115
0.250378055766
0.286433812482
0.128627551919
0.3535041746
0.164027839865
0.320342846381
0.360365760214
0.2194183455
0.165092365593
0.376181334804
0.298000641263
0.333421392065
0.321036687617
0.185358817857
0.299852716664
0.326100377553
0.336851058379
0.308195722625
0.20862575622
0.351076375261
0.35448741373
0.248515926609
0.40596154354
0.360462388243
0.364270189502
0.210283975748
0.388695686052
0.368489038925
0.366005994435
0.351524089874
0.379064852333
0.21109830503
0.371781883513
0.218038020844
0.305615402915
0.382902175575
0.384626789739
0.20690423048
0.327265765082
0.220541965748
0.235746498092
0.294570832053
0.35713514579
0.353998934646
0.349741989168
0.346287532031
0.390047108363
0.335031964896
0.315561775655
0.37223637868
0.333284984958
0.220020314005
0.192389473337
0.280158648185
0.36192155246
0.353562854843
0.166624150863
0.235077335953
0.327226456873
0.261554252326
0.343969154649
0.364135068032
0.358435310702
0.306600901387
0.346172380111
0.295967626671
0.355077427364
0.365094095782
0.355029726493
0.376519743954
0.330554538641
0.361465009353
0.363320052313
0.314759339365
0.342815040642
0.339218379415
0.368629435071
0.236376380365
0.26922005581
0.370199712703
0.311258500467
0.35746448996
0.336460694135
0.333428226775
0.351273474625
0.349236519601
0.344734586566
0.310494099353
0.307240376476
0.377189322761
