Ridge Red-Wine-Quads-Scores 
0.318292526458
0.358687450816
0.438204493505
0.347982935046
0.328967959481
0.394803113676
0.335994617244
0.290857943851
0.329068632309
0.347030029135
0.331542527686
0.381725618804
0.373653048355
0.395393412075
0.31895257885
0.281539266588
0.317471560754
0.36831463448
0.396710166181
0.387474686593
0.352573569107
0.389701189586
0.3532538282
0.336489832106
0.314983146735
0.430795673821
0.251743628942
0.478082988167
0.371797955477
0.374121039635
0.399076303951
0.409868953448
0.434810298093
0.364858300277
0.361792237796
0.391461463006
0.309732849473
0.37975144099
0.435906009032
0.28855190548
0.397818013444
0.414156929001
0.333128904774
0.380145434513
0.291438547655
0.324662140643
0.126015365131
0.352187125805
0.380347252361
0.246496173481
0.269590249558
0.34067548392
0.362824191915
0.286451728641
0.440762131865
0.374980495753
0.346208177464
0.304833186657
0.191219902974
0.385545023883
0.383621819011
0.296707072175
0.362830595106
0.366895546899
0.326544054817
0.265704048557
0.375817959307
0.325118767049
0.366757789724
0.35245860034
0.339221945958
0.160264197287
0.349517203717
0.353795576739
0.384120512122
0.444820035658
0.28893721591
0.403174815973
0.328447232707
0.359867712662
0.369211475803
0.397782183672
0.300184875677
0.355719332032
0.315765800926
0.350682307967
0.349586902016
0.312246955753
0.385139459752
0.336926810035
0.396205580604
0.331073531423
0.335849624029
0.338374064699
0.271685888298
0.376087823129
0.351253788751
0.411924414296
0.358360231528
0.367198348374
0.331189291411
0.396393560159
0.358952395624
0.421342488256
0.433729379904
0.345813388517
0.364961571932
0.401435466619
0.426583063234
0.350622313163
0.376651774466
0.35865608837
0.310472347746
0.355164373945
0.293086737315
0.384103311233
0.293357556504
0.326640860241
0.30232266513
0.333365821519
0.354846957984
0.350467870985
0.290730550762
0.337436781771
0.356217768799
0.341906073275
0.346428665501
0.334639942212
0.320129269626
0.366190840935
0.422983123967
0.32103315283
0.250373084066
0.308631446401
0.274606786989
0.348106530275
0.229207793052
0.335852267326
0.371439443585
0.318934450765
0.347445385849
0.270237597767
0.408656611555
0.333206779458
0.367900273894
0.3089711353
0.210049528175
0.383716083666
0.3020322639
0.367055310641
0.389486706391
0.37240643232
0.352839694997
0.426352988796
0.360858087768
0.362592889112
0.43085414955
0.383437962492
0.382867009521
0.327980168863
0.215715974575
0.378041579436
0.335081167381
0.313181174117
0.203608752024
0.366671230102
0.394550837605
0.354314511228
0.388317885745
0.28491524908
0.361193329398
0.380902703959
0.316738769068
0.324125491399
0.380408975472
0.347969431004
0.279458231273
0.365716425276
0.417510284412
0.360418814872
0.366553365457
0.32462072114
0.379280599753
0.340048989905
0.333389906984
0.307765619945
0.304982771756
0.399824647832
0.384011698908
0.441004003136
0.365659993944
0.383385633395
0.369331633708
0.408791057644
0.353905657933
0.360600530388
0.304152281687
0.331518796994
0.347252826371
0.354568546031
0.322440579409
0.368661567356
0.379615836307
0.322907520431
0.43210863494
0.378104328576
0.41318772404
0.325045670904
0.343923756597
0.344988509341
0.456510283411
0.363212276955
0.257853226893
0.395793629658
0.277810828142
0.363750257523
0.273493262472
0.265138182114
0.317000117218
0.349076476999
0.381132550396
0.410188360563
0.305401450683
0.404492459341
0.355632684737
0.0233398968998
0.397061193688
0.40586866321
0.294998226711
0.382480152839
0.310616018078
0.344685777064
0.34343567851
0.377558637966
0.189865291986
0.306031210766
0.276619236978
0.386673346989
0.306440507545
0.131079248872
0.326088372908
0.417483236596
0.329715435933
0.328154403653
0.38995345099
0.353518734815
0.294343973482
0.343627441544
0.350456529814
0.34032600172
0.383012747338
0.401601640669
0.409658652813
0.332781867146
0.311375429662
0.301028853671
0.398222092282
0.395853937585
0.452908009607
0.314513789498
0.361569415978
0.371752108438
0.382699801731
0.326392181332
0.3589465953
0.371784245104
0.313493630059
0.329357567824
0.357737737307
0.358078989092
0.226961158216
0.371507212858
0.32137235602
0.367509792759
0.311741784184
0.360326815014
0.411766237181
0.323975848205
0.424609081542
0.379118074059
0.326778529857
0.428392906777
0.34837208579
0.361565300519
0.378465953282
0.374546204038
0.410655368878
0.405543818562
0.337028407378
0.353291373517
0.359839344101
0.395827812485
0.308608487331
0.26019229499
0.378183228864
0.317617130041
0.37167356687
0.402982795634
0.363576723953
0.373748747596
0.371468144482
0.320407289657
0.308962920973
0.385953211734
0.335539208742
0.404459410068
0.341093655423
0.336804068151
0.361015183578
0.354057848571
0.266908333789
0.392553088002
0.337765218715
0.354550328462
0.373356197554
0.368916978489
0.375318449036
0.299456036875
0.383382586201
0.356114482583
0.328256679543
0.37021544016
0.396811877377
0.344332897377
0.287647806455
0.414575099098
0.356044841183
0.349747226672
0.391737376714
0.348665244786
0.362364518987
0.351087710597
0.364648235787
0.382031771714
0.46419059497
0.341015329176
0.32536333664
0.341792690546
0.436125782027
0.317133772006
0.333357178052
0.358107373311
0.347908922393
0.33293738378
0.350741069861
0.342412697194
0.397919859742
0.372145514414
0.305337599935
0.368073365457
0.329141301145
0.374065705479
0.417721745856
0.387495752643
0.421306573462
0.405931450475
0.31929353469
0.318222922879
0.430851514213
0.30128823726
0.369825030264
0.307048221467
0.405499926767
0.436158722942
0.377731188917
0.433559153926
0.43293588233
0.389265179409
0.346613453461
0.346883476726
0.365822605694
0.413403567122
0.348963796589
0.389338701549
0.288509346152
0.333929857598
0.400373561354
0.366151602492
0.292095038392
0.357343719647
0.359039221248
0.366040441226
0.373707403405
0.34742783938
0.316377654932
0.317578206569
0.35810763557
0.357675992864
0.367047354346
0.357357482232
0.372572116158
0.3826597918
0.33143298818
0.351636515907
0.364407771852
0.141802726195
0.307490263118
0.382276899242
0.434350918539
0.329946280998
0.245566078442
0.423833868061
0.362987067176
0.283433169868
0.345724573007
0.399304124496
0.392446940651
0.318302900007
0.280845209708
0.390262645851
0.364167750703
0.315203917303
0.32740246771
0.316378381867
0.450226487095
0.23200912075
0.278415874108
0.378560516889
0.341842729424
0.353266438813
0.411790321348
0.296873421127
0.379031494023
0.304158151104
0.40818744812
0.388071182359
0.293956283553
0.386816489352
0.359167646832
0.347328779228
0.297549452762
0.392442731755
0.301684782413
0.336890940621
0.191146699702
0.355925412509
0.417201995443
0.386989885172
0.323637865042
0.345812360748
0.328638164436
0.301716923204
0.176284952094
0.389850998306
0.352803604576
0.303534043172
0.324089309065
0.324067120271
0.366529966398
0.30943827203
0.322910876885
0.247978010925
0.355997943556
0.358217467472
0.369984818597
0.349083231158
0.325993800062
0.408411655193
0.366686534887
0.349176443578
0.357611652415
0.325658996387
0.307083224873
0.237511004223
0.379441140681
0.353600631716
0.322269052351
0.439336322911
0.321655754559
0.346990208222
0.353309678634
0.347778137535
0.315124753921
0.396600835296
0.387958207214
0.393709239177
0.373262013813
0.380503856473
0.396308637395
0.356197472952
0.323535646041
0.347629024839
0.367447334175
0.30460251166
0.360721690589
0.42258996165
0.255914515505
0.368191724279
0.396083243853
0.343952583926
0.362773818296
0.403914802896
0.388170900476
0.312328006209
0.381288817368
0.346588114375
0.2748410703
0.358417339376
0.265172833155
0.40985042789
0.339684425955
0.308839038163
0.369983975339
0.311592702828
0.32841322492
0.468625811459
0.446292885156
0.406842192561
0.40380840181
0.374567487904
0.106266387941
0.368284311421
0.272559567499
0.303301077772
0.316413273629
0.342566976706
0.342055126073
0.319877836376
0.315699651551
0.388852586672
0.400408510143
0.40760307353
0.339762816167
0.324646864872
0.293457475182
0.35514035221
0.399166676908
0.379329508648
0.361148133601
0.296779482281
0.368071682788
0.371590412202
0.399539990163
0.34281489304
0.446314672984
0.369866673768
0.351652016272
0.410864261844
0.252853460654
0.435234575468
0.311260585152
0.389495026417
0.372505934309
0.361319674898
0.348125868637
0.343497628828
0.321318820039
0.427400359294
0.392687646673
0.378551556713
0.430855920106
0.373997235267
0.36486727345
0.39201915082
0.386155878292
0.400393242416
0.40743107875
0.334606189457
0.374103927318
0.342123142244
0.30769227984
0.319560055973
0.3056510173
0.381366655928
0.369387210808
0.144832175851
0.351501516462
0.377576082059
0.398192769075
0.306579018199
0.276134661633
0.371116772221
0.379804095818
0.331060819654
0.37920416476
0.320873123453
0.365562820331
0.376663631921
0.283244210663
0.475064129413
0.39173102441
0.301254289795
0.427113636431
0.334491347121
0.389452721222
0.333637326651
0.334576661381
0.287750260919
0.210095401263
0.322513219274
0.383380284141
0.359119216837
0.357745139342
0.380303853416
0.372301193728
0.420377964385
0.34827226388
0.390496435046
0.319406364755
0.382479703744
0.407099621085
0.370334738445
0.398733939031
0.353525307704
0.404156508676
0.364355969851
0.349562925587
0.417722782446
0.343725933984
0.320292554379
0.32296111583
0.38475711662
0.438713433571
0.278811258024
0.360068257794
0.326079053075
0.397234178803
0.368859766924
0.420383708997
0.393725178128
0.350353235358
0.397469694273
0.285469941048
0.38089342007
0.345222537381
0.397729840723
0.387368847594
0.3525866177
0.340430391056
0.347547309476
0.316484420744
0.383468793769
0.346918131554
0.276234842239
0.298492404374
0.333676808914
0.360639971219
0.274586447423
0.287647057965
0.407803305419
0.305587005909
0.321145415398
0.348157741293
0.301484519881
0.313018605012
0.42320112529
0.353105750837
0.304868996127
0.271813069985
0.271840581465
0.340339492692
0.374177493503
0.374072077806
0.424610682457
0.198409396492
0.339486415254
0.419786843662
0.383832957075
0.321528709645
0.299467307976
0.364117243503
0.396698983494
0.319287115738
0.362874177793
0.29044913711
0.412685148728
0.414931820172
0.375287687984
0.418911780442
0.386104950742
0.316517192633
0.247573842499
0.371332105979
0.42923966527
0.307602442008
0.406215729352
0.348851045065
0.338424950693
0.407125401666
0.310899960332
0.433064850053
0.317958568763
0.387607549673
0.31713778644
0.336796890622
0.367847537084
0.388929627014
0.433974906552
0.290675591566
0.363598587864
0.378446807345
0.313618031722
0.418709581035
0.316759759303
0.335243646383
0.394918241231
0.320855696164
0.341297230259
0.410450324817
0.383814217882
0.337343076099
0.397463156619
0.28850407453
0.356745091965
0.383215396997
0.389210399427
0.412665102356
0.329397093259
0.410106371135
0.424467353608
0.219854231137
0.220996538203
0.353882501089
0.384907767961
0.273377889529
0.397871383086
0.337513789154
0.387022760782
0.284410773243
0.316310807087
0.363250661309
0.378008961218
0.42124004151
0.360579482854
0.293175750106
0.309433904573
0.367105275259
0.355732587532
0.384262776294
0.385896491832
0.333080909498
0.368789062962
0.354011319729
0.370849414927
0.312719083074
0.384761807325
0.362138156589
0.389008341745
0.355404715821
0.294947327651
0.400037862118
0.31310340551
0.428556078874
0.342655664664
0.422757831752
0.392538820309
0.352493833777
0.346939738416
0.431201539406
0.392203741454
0.311984965512
0.328607922403
0.332848883694
0.319653340538
0.374473899541
0.31342897339
0.403220449454
0.324239638253
0.328980088569
0.361718955589
0.343899215499
0.314158761716
0.360039631188
0.328441403514
0.395314496022
0.405094629368
0.312138698154
0.400272092749
0.334193344567
0.315183214902
0.367820027635
0.363945216123
0.439278738967
0.261644471153
0.330172352321
0.375822894144
0.347048526629
0.36620696522
0.338747861627
0.395751053625
0.307526398795
0.341293657026
0.364320088913
0.359094094702
0.341486699412
0.36058429799
0.412711209399
0.387786631856
0.423323816351
0.389407192845
0.362798397913
0.3483085075
0.416058491875
0.407783999178
0.335882012271
0.357112686716
0.409011205779
0.325344164085
0.362901837128
0.366698004106
0.25022864405
0.312852054345
0.335958056057
0.307611703589
0.333333130743
0.28860342444
0.392517820932
0.336425482231
0.359019798192
0.379053860714
0.358131007994
0.363705026851
0.396984156496
0.34814501959
0.358977375255
0.281719476004
0.332779041264
0.326065030844
0.407393852444
0.392161434013
0.22458019244
0.35234774609
0.229911457899
0.428166606874
0.36011565867
0.301645145281
0.355059685825
0.309354363443
0.397786426123
0.31520782024
0.289871782711
0.251049857913
0.33253673599
0.25872104095
0.321828949084
0.350528764523
0.370758555609
0.336531286442
0.251915704764
0.314105777874
0.278937425572
0.294580842083
0.360958150403
0.429504074641
0.365164855578
0.325688615471
0.257195984271
0.298614854948
0.390402299888
0.353348908481
0.333748138297
0.336390929912
0.385384150693
0.402109480967
0.319873515503
0.377644872897
0.24572486924
0.454582571419
0.403565248189
0.402851421792
0.336511631307
0.328701706941
0.182171709716
0.362598281674
0.385053377406
0.337661336705
0.355763546513
0.397719963537
0.319386566877
0.399121502361
0.35791134899
0.410027610833
0.374998375352
0.39153947915
0.339444898356
0.409492813087
0.345100708885
0.395869703526
0.340721499889
0.275720784498
0.42087312638
0.322520956169
0.330564233492
0.258788583586
0.314591847115
0.343535668706
0.352198134844
0.244180989522
0.357196376883
0.40418520326
0.340371362454
0.420443634162
0.349802826123
0.373014851867
0.366033855833
0.316473026701
0.372210211298
0.413249527041
0.30804452342
0.294640120519
0.36437285776
0.319311704114
0.337320899556
0.311501595913
0.23220097587
0.315845029752
0.322409961589
0.398809720187
0.390995914211
0.437425922599
0.350519929099
0.390128038962
0.344784506686
0.332204133636
0.373775975112
0.22018858878
0.392686288257
0.386399805489
0.363486068877
0.357177898022
0.347586351338
0.387475267588
0.369705276428
0.367358540755
0.320614409286
0.394235925796
0.380499821479
0.403734910288
0.368658814884
0.318584396769
0.376171352303
0.406866636675
0.347456721567
0.379828760973
0.316862554875
0.25814750961
0.304941330165
0.330260943954
0.346778474197
0.372870494923
0.219013925368
0.358262115162
0.351565121417
0.326998231634
0.331775083822
0.357727284881
0.353321632538
0.365926677447
0.36379434071
0.414234514253
0.386801374483
0.136418689333
0.389147652893
0.428176563628
0.358837437846
0.356936280876
0.456725239611
0.334859416426
0.307392019841
0.343462694145
0.415575866204
0.299260805044
0.293478002603
0.371915218212
0.401932482379
0.375084238698
0.368725165004
0.409488033432
0.358469703257
0.345219808943
0.165990411112
0.288545263757
0.342617872186
0.277807226275
0.359864658786
0.393025088983
0.41162379533
0.337551006189
0.282450373798
0.305829323975
0.271665872374
0.35856268268
0.381548005004
0.32525747836
0.336432097088
0.351663953644
0.403549637714
0.396594560322
0.347462792122
0.291665236819
0.396351884069
0.383201882667
0.392482495259
0.334560138438
0.352020808207
0.361697138049
0.296042908028
0.372926978717
0.365435208871
0.366772592342
0.351434027266
0.328526758297
0.361914801809
0.350814420081
0.380316663575
0.369053870824
0.340976069503
0.3532924815
0.334273286579
0.244623380286
