Ridge White-Original-Scores
0.291693841247
0.247662907293
0.312911526914
0.271002530572
0.305254911142
0.292815129717
0.255870741597
0.273951629573
0.232555108435
0.254871814134
0.270866694042
0.284624255274
0.255054508758
0.269823258161
0.240744732214
0.27757839916
0.280182438476
0.247884120145
0.257700173597
0.239459610834
0.263717148754
0.281507055242
0.233272028189
0.25576505728
0.289134174151
0.2890263525
0.290357661754
0.265400321228
0.22684561124
0.295747322622
0.282492407609
0.274520895484
0.255994548564
0.282486264299
0.276143820075
0.280639893002
0.274745445629
0.28409288718
0.288766746823
0.30146521712
0.316814173613
0.298576187802
0.264167014975
0.248456251983
0.292775400046
0.237677361499
0.31361065305
0.258702670777
0.266520888638
0.293746686236
0.266213375115
0.253165153476
0.242141084869
0.285091735993
0.301095145371
0.295100682724
0.26253475082
0.329266293665
0.27377020721
0.283455146309
0.281168766237
0.281487473523
0.278739358369
0.274666291691
0.297060579284
0.295366717024
0.308947630639
0.255481167898
0.277871023337
0.285973900385
0.281624849165
0.315350109144
0.280333419368
0.299332439532
0.245293571815
0.317671969807
0.24346528076
0.256068225762
0.235695780123
0.30533595559
0.248011986932
0.277030905106
0.327133004
0.309214016694
0.300306098298
0.321670379242
0.256282465235
0.225656077062
0.289100622502
0.271443980023
0.266761490775
0.273600098323
0.273687108585
0.271196186601
0.281490054308
0.243626320262
0.289084992836
0.323933762111
0.285147210667
0.281997145815
0.263561028543
0.233457043382
0.303000034655
0.302431162242
0.278178676598
0.277350676398
0.254103577356
0.262091332307
0.257733397761
0.256688627497
0.276471996252
0.319925096083
0.23609113045
0.275791965955
0.248906961738
0.248482334561
0.249020611411
0.267412139378
0.232235209742
0.281087006599
0.27009571729
0.263613655354
0.270879092937
0.285517346464
0.302218306281
0.271591833884
0.312487645913
0.289701660294
0.2981445082
0.265871038194
0.240709748895
0.267120875321
0.269548490586
0.28134708293
0.236796229487
0.244051981886
0.26541205947
0.277133539382
0.266915816185
0.265799395378
0.230973784431
0.29626657033
0.258342426072
0.254256690231
0.294508975477
0.292962212897
0.248263633931
0.240504611964
0.269351136906
0.282022879542
0.306636602109
0.273706270328
0.25667765747
0.298292753864
0.262412247393
0.25632962298
0.292404592115
0.293805586726
0.268336655897
0.266813835387
0.241659579052
0.328342324435
0.284374564434
0.251418144511
0.258712239146
0.293287089779
0.287326818606
0.258693974107
0.333396110614
0.274500830009
0.276124214438
0.261698320548
0.302512859311
0.298231102478
0.27708656061
0.277811170069
0.254480416792
0.252387010926
0.247962701835
0.199360677749
0.309567519208
0.290139579937
0.301696297181
0.266174127383
0.286797368501
0.291198251138
0.23702062104
0.25900657058
0.266820857161
0.300966679831
0.279672996384
0.261057489284
0.321352023417
0.303100941768
0.327222181297
0.26242910392
0.237113932963
0.303523982709
0.290053742261
0.28199587527
0.288285027193
0.294723458206
0.247953419202
0.286239766568
0.275340986735
0.269396962417
0.275946005201
0.274963553723
0.273079920718
0.274494166584
0.249479676008
0.241490064947
0.3105206836
0.271265793825
0.274558751106
0.301759215984
0.257978167501
0.283665921712
0.265707434432
0.295214180387
0.246611365929
0.260038816417
0.265534660917
0.286315496308
0.233582775725
0.272486591159
0.221380095204
0.301000462941
0.296480731495
0.273659799151
0.277122540979
0.267367817502
0.246385988488
0.272743117884
0.271567650874
0.217197673535
0.273540955137
0.255324467925
0.301294183977
0.318752528447
0.336478710265
0.296138774863
0.276666200771
0.272788453025
0.281758317575
0.275634319353
0.290654921295
0.259770487679
0.238694135678
0.278953144557
0.264806923237
0.263561306522
0.264444284004
0.27114209006
0.239531975955
0.262257734108
0.299877057629
0.265190452356
0.257759421153
0.31115039125
0.246849457855
0.271914637299
0.276446966613
0.249683819991
0.263502570819
0.284081395043
0.296025998878
0.311324184035
0.272477636221
0.299072083525
0.303033268061
0.25740682744
0.297948338083
0.220076002574
0.292581935791
0.290307450317
0.271118444742
0.318430457996
0.288056523952
0.300361535147
0.25865288907
0.269296491003
0.230138684683
0.314113097015
0.26309649835
0.281692997466
0.246655013779
0.265651096077
0.275359351252
0.288797107854
0.299894799532
0.277391016954
0.281526811581
0.282407839866
0.294227869714
0.263823693217
0.252914937781
0.283820285025
0.225989424881
0.255567610662
0.285304816189
0.279903721026
0.268445128256
0.295035768317
0.278352143783
0.259882928322
0.270901282687
0.298136408293
0.313257356334
0.254316056577
0.280365432053
0.245256610013
0.248277657602
0.264712041323
0.255800051944
0.276164751127
0.25557874322
0.256923675848
0.244539678715
0.266694733228
0.302221399878
0.268922135126
0.275762391571
0.285461863115
0.280673850578
0.248414857009
0.252149694026
0.304524966848
0.264328617259
0.299162333916
0.285176142901
0.247130441096
0.244035499419
0.32130618642
0.288171778682
0.308301387339
0.304546721101
0.258916055744
0.285479269315
0.280694989047
0.289747934519
0.280984116328
0.256508411452
0.272938232609
0.239168240217
0.268155795578
0.27780194921
0.275549466164
0.3078190172
0.243211220324
0.288923755332
0.255077571706
0.288181905435
0.326433238284
0.300650390645
0.2826128956
0.289350664071
0.291490810233
0.265386536759
0.275455815734
0.295191386665
0.26911307719
0.256860852232
0.255629253629
0.289079929065
0.274937339569
0.290176232556
0.281978683857
0.299447680972
0.281215889035
0.306590986996
0.27760387498
0.261347027115
0.283657884872
0.289960190577
0.252775700811
0.271592498319
0.271155159142
0.282755164277
0.279801496371
0.250997261964
0.214304708506
0.300419133941
0.277162389694
0.314657520415
0.316404533028
0.266916002308
0.246023300389
0.289023857293
0.265109231996
0.229230317083
0.217634061905
0.271246778012
0.234025735086
0.31944484734
0.275147104469
0.269297347435
0.349286268945
0.269611566769
0.29256607565
0.272260719828
0.278080908299
0.302503760343
0.244863348963
0.287161688136
0.292969217157
0.293989938086
0.282449008444
0.289819680909
0.294000691458
0.288551699817
0.290551141687
0.290421418025
0.303932611112
0.260929973788
0.251341744119
0.298646240664
0.268525761659
0.227983379175
0.228958175434
0.230480525352
0.269913056518
0.281494425542
0.275745379745
0.262986572637
0.29669779869
0.298914441397
0.297409306676
0.310014031655
0.242163715965
0.287902192879
0.308510760163
0.278114931054
0.31063690245
0.28442965988
0.272437358948
0.309628178302
0.28322653309
0.281216201946
0.238999992185
0.234959935222
0.248979292815
0.228514100899
0.270466866386
0.262217189819
0.257714507382
0.265345426697
0.263799575746
0.262860079595
0.33626787496
0.247294265212
0.283614215406
0.257134335139
0.265849614586
0.302754788643
0.295131360263
0.276502538112
0.28035871288
0.25705972626
0.321142307228
0.296026265278
0.272254307151
0.298664666689
0.253287644268
0.263443831103
0.269281399971
0.271596236656
0.219467518396
0.291671795981
0.264602937804
0.257259337193
0.289913769305
0.25886787193
0.314982546585
0.293318153538
0.236335841639
0.303928828027
0.254252825852
0.246097894841
0.256734455931
0.27514903287
0.277078115268
0.241723977263
0.296543044825
0.319587571968
0.325501432142
0.241691224146
0.281616244543
0.281832486616
0.24956497141
0.270489138329
0.278966352993
0.296031982328
0.272849454727
0.27882282121
0.230539702689
0.304036356209
0.251115594804
0.250271281121
0.292865923776
0.241282443616
0.281753211236
0.256357171253
0.28956845458
0.28684174869
0.286739164773
0.256340576026
0.271744379859
0.265568047427
0.303576951963
0.287234143747
0.291517272325
0.254754343871
0.283731091203
0.278651450434
0.267046788471
0.249379205762
0.267120865223
0.251582625764
0.297145004339
0.255400139878
0.281780477115
0.261714419455
0.268875284452
0.322202687145
0.220650718263
0.281059188835
0.244617566316
0.307013528434
0.308390982313
0.288595987715
0.245458169739
0.306963629335
0.232060122871
0.269943128396
0.331874886796
0.287372172024
0.300129676616
0.318323700136
0.259626258017
0.281874658248
0.308854802568
0.294215813418
0.24215807076
0.287617009794
0.290169294523
0.248519315995
0.273649254797
0.294005750098
0.300827318365
0.250907701188
0.289590915369
0.256356248054
0.277778282104
0.278961528009
0.29535724973
0.256856814968
0.313249775033
0.298827458319
0.222493599933
0.273200061144
0.32554128592
0.32500765863
0.283212469961
0.276088175155
0.201298569203
0.258625514633
0.266109454496
0.295299671338
0.219141795081
0.26606941707
0.304111116614
0.282616575984
0.256071904314
0.282871545553
0.253079392691
0.256443844665
0.309091965721
0.268475902599
0.302244367278
0.289137365265
0.2969370711
0.254230079367
0.284766820407
0.275672214037
0.268630942208
0.251945312771
0.214292530489
0.275296566455
0.2534951136
0.24733983282
0.316114393085
0.289175546605
0.291882609829
0.280242860213
0.258644368487
0.283584896693
0.252738138889
0.285555224257
0.294187691405
0.295085415761
0.276557957359
0.261812117319
0.276389063525
0.271378069286
0.281749816692
0.301723241061
0.247176560349
0.283105556943
0.263543134865
0.315490715837
0.308527277648
0.309643727849
0.292148332996
0.266473027355
0.303166261025
0.285303833631
0.262171449653
0.295977400448
0.290726635356
0.303795516217
0.254467508413
0.271251493461
0.325904814338
0.238630144606
0.29962586542
0.280460436284
0.293370089351
0.275625536963
0.286029618073
0.254392320273
0.297668571379
0.29146392229
0.308995657185
0.266768843293
0.255711240245
0.243713300448
0.254831821538
0.273326919336
0.269716291056
0.299004046993
0.300269964915
0.256321539974
0.32939950771
0.262390688946
0.283178521967
0.252230894629
0.280725335533
0.291965198043
0.293414213369
0.261836004687
0.258422110384
0.31837182012
0.252093595897
0.266466058688
0.27536110756
0.300283688929
0.274967565676
0.262648615151
0.209784010724
0.305600008404
0.299340778331
0.28576909372
0.273513363438
0.256413257216
0.295583083845
0.273507579148
0.274883169054
0.275879452509
0.30100084729
0.289561119123
0.246163750491
0.307337282377
0.256940735009
0.272617742052
0.274208055805
0.272644027577
0.258813927153
0.270046761432
0.269133397577
0.274590122023
0.275952168063
0.288008750337
0.309616674777
0.271622808936
0.307951494594
0.273680967885
0.269940988796
0.273666621668
0.27618810404
0.303956942701
0.32796093241
0.288341394126
0.268690388489
0.273958525131
0.268482547491
0.278355963741
0.240231323094
0.282608292729
0.272384527593
0.237110384393
0.257602755618
0.270926130944
0.243444515142
0.262744017263
0.27296252677
0.319334583485
0.25228457198
0.260531324208
0.266729708492
0.278784592409
0.268305644054
0.277331348903
0.287545436035
0.308874584081
0.265729695936
0.25706258841
0.307015774323
0.281085898849
0.266101209257
0.272761374097
0.256392030851
0.259137540329
0.247934452886
0.259329453176
0.254807389591
0.250403212335
0.273872577999
0.271526155891
0.264598187597
0.318004911834
0.280788620498
0.303421368059
0.275388374554
0.320418033403
0.26804947687
0.268122856538
0.263866008543
0.308123061914
0.248402300981
0.293279073513
0.289238801015
0.275599301223
0.294446021342
0.290818298551
0.281348119109
0.244888999063
0.26578654957
0.27998714626
0.263390497969
0.280594912134
0.279840968093
0.25141121163
0.293111812116
0.32137172729
0.230957381878
0.270841999245
0.273256612068
0.315050893485
0.262545512511
0.257224782705
0.23097521954
0.285173567003
0.291770031749
0.267983655658
0.246154914531
0.267832781133
0.278931961907
0.223398563392
0.307630252299
0.308110295807
0.291159872013
0.300986735238
0.286582986444
0.237599685837
0.230834315928
0.291361877533
0.255464974176
0.241263986769
0.243022948901
0.254273151667
0.271146375589
0.245934384083
0.268243547701
0.291093515998
0.271666167213
0.272719783685
0.267113627576
0.256068578188
0.300291876426
0.255795661079
0.267130544599
0.281440307815
0.239448970374
0.264242004829
0.298119146237
0.258807357322
0.275301146881
0.271470699709
0.287298627934
0.273489859659
0.237011719162
0.278950943077
0.253385137755
0.287246492245
0.27922910553
0.29294190159
0.262961230757
0.32373180307
0.275242708167
0.271647349989
0.267289420488
0.278309712646
0.259059697172
0.253073452076
0.285806512577
0.29832927768
0.302345504024
0.284089027004
0.287989776263
0.285787531548
0.284928014839
0.297729288532
0.302732937308
0.305915075269
0.252781835439
0.289565306779
0.283065895114
0.277486740434
0.28868458498
0.262570712604
0.268678455704
0.273382136468
0.270061022418
0.261851872919
0.299312543093
0.290006218663
0.293461875179
0.295534454631
0.245922831007
0.319995419541
0.296980146255
0.269614763908
0.296973446782
0.267589964627
0.266311364489
0.266951136679
0.296183858076
0.294137186713
0.261950191904
0.230360658075
0.237915225489
0.271050495963
0.248614161135
0.274963316023
0.278842634654
0.28414762675
0.282888094483
0.232528730461
0.309602703524
0.245867142629
0.276487387418
0.281477425214
0.274691088255
0.303377649163
0.311184267514
0.304475350739
0.266149722508
0.289054373212
0.293349286769
0.270518875517
0.276900136494
0.260437915702
0.2818593835
0.273164923675
0.332998219168
0.263548023539
0.243856837725
0.304468904384
0.301341641942
0.272106117346
0.249556161429
0.263703851108
0.272915888634
0.2776720118
0.230974892691
0.326304507868
0.274280911568
0.303891892554
0.2882663083
0.308881668569
0.239674617134
0.274790930449
0.263895462531
0.296819831861
0.261940934941
0.271453311277
0.278100333798
0.277574626376
0.2565826333
0.257778840061
0.244681575823
0.294290377194
0.277166642598
0.288335725474
0.278251630941
0.322764723274
0.300330643404
0.275038698475
0.270847679854
0.270438917431
0.256929024066
0.253393019478
0.260274434467
0.24795103092
0.219214205922
0.295996372621
0.258208766539
0.293931491943
0.302956516517
0.278725644292
0.287205738433
0.271434143321
0.268868453867
0.277289083303
0.265047495855
0.291644798403
0.307043688827
0.275654946748
0.272573750711
0.22762724688
0.300205473193
0.31283393002
0.247856067813
0.2137196705
0.260372229734
0.310551747181
0.312735756152
0.270235979565
0.296448022188
0.253807053325
0.276299266299
0.220491721043
0.29721914405
0.293587989166
0.261523621177
0.306276371121
0.271698027438
0.256307888017
0.258244329222
0.232754121388
0.290910845109
0.218480939846
0.277932508156
0.267820168628
0.296412811575
0.251110419384
0.292195548406
0.234648270827
0.239220577275
0.255769771957
0.317357731
0.274391201668
0.235479789086
0.272422114919
0.232515786879
0.298082565745
0.294069496327
0.287748138091
0.280271094906
0.275634174178
0.221979385706
0.282541680114
0.288212674331
0.251336470529
0.275551931143
0.219462878562
0.273967352916
0.285694056838
0.252531138046
0.25986959169
0.258786401987
0.320913411477
0.261625820998
0.254713931715
0.288835679002
0.276970471375
0.264875612029
0.295586771395
0.236530402712
0.213525729961
0.286707441571
0.269925030291
0.274959409856
0.275781941921
0.289918041833
0.29049089505
0.261307822605
0.256598921029
0.259327070806
0.246947936794
0.266328779203
0.252064215272
0.289710234647
0.267616336313
0.277641350893
0.282514884255
0.260829789841
0.260619792514
0.295920083633
