Ridge Red-Wine-Quads+Ratios-Scores 
0.324915157355
0.366961958203
0.336904902446
0.365356654337
0.321652856295
0.354096527454
0.453713086759
0.337550944257
0.386184608806
0.41142026804
0.3580418596
0.328751163042
0.360624214094
0.398055733139
0.384747320676
0.305566002261
0.418447301528
0.42222204131
0.353049551764
0.402852019356
0.461745152786
0.403547753952
0.336058974245
0.433241331068
0.450652822619
0.366239996572
0.371694588035
0.381598531972
0.338456445674
0.302431045881
0.325403146928
0.40435517528
0.366724891432
0.404391408908
0.329177026483
0.361544251509
0.358911396069
0.325085545642
0.333965924502
0.225646903698
0.365719945353
0.34099010439
0.343122964772
0.337722470303
0.324898099495
0.300432376043
0.33914259371
0.291038084796
0.280900119492
0.365033150024
0.326879862587
0.358252025423
0.371090822219
0.411792892722
0.383500939545
0.388126346693
0.392308920462
0.340323845706
0.330890264364
0.340043692961
0.311821066175
0.392391552166
0.388686401253
0.266933173717
0.324198307407
0.365065744883
0.410872467698
0.374192751242
0.402355409032
0.443375869956
0.320290096609
0.370780548691
0.308495114949
0.331120366869
0.344178231642
0.324104992626
0.337972666695
0.354189728368
0.356853113156
0.275358709267
0.360935362638
0.453675375381
0.303049598072
0.332852883438
0.404748766242
0.443522708396
0.118063971182
0.359212768411
0.392726469573
0.327815363821
0.414140424824
0.334681847792
0.305507520603
0.355817401145
0.344826400486
0.331473966363
0.336747516973
0.377289195565
0.355769061708
0.384529629839
0.32217673859
0.318211017303
0.339359079389
0.336736895948
0.369469586967
0.319355374972
0.334454592915
0.380923121117
0.338856827955
0.34676183209
0.353255170887
0.364043786269
0.372889218099
0.346072495926
0.368224500944
0.413752441787
0.339473879567
0.384817567356
0.340639635185
0.337973025345
0.388167062094
0.279173934247
0.35324925911
0.292902198959
0.419605149646
0.385311754875
0.353880663075
0.311365390147
0.438428723875
0.417993207337
0.447738803185
0.33130017708
0.393990414786
0.350087693373
0.368107507698
0.400930357289
0.388084933489
0.34435679842
0.437617469945
0.178009979363
0.402576777041
0.419471895566
0.387773567719
0.215537490368
0.346031782297
0.352869892521
0.376329240387
0.409463655891
0.333634173511
0.265580614556
0.407907526492
0.318065633794
0.395239597228
0.370353808337
0.385473083877
0.319471873236
0.36708380027
0.304516081844
0.388719770894
0.335418637322
0.359497763251
0.441587670995
0.33292237519
0.334803947969
0.397865753441
0.372414286026
0.342595563254
0.333702101804
0.310809383674
0.401639217378
0.290981811274
0.385298746131
0.360950454286
0.366144060647
0.327216395211
0.430096690407
0.349988001227
0.3173494766
0.384860004364
0.397499676656
0.330598674728
0.272930370129
0.362038986733
0.402695020008
0.427314789896
0.337593002833
0.388827012438
0.362647662774
0.386174305186
0.299247581493
0.38288585225
0.363357847505
0.358125720841
0.334500291413
0.386981591153
0.394661501681
0.384766524529
0.300958251118
0.286341081532
0.325500372596
0.329319575478
0.296476370137
0.444579738011
0.36211935992
0.3629788432
0.235073240814
0.252334074436
0.389709115161
0.419445317831
0.403306154192
0.398435290999
0.342565166549
0.378998430935
0.303882851439
0.420831861859
0.390766993665
0.384604661196
0.41556142533
0.230508619701
0.362112612824
0.329150983008
0.395961172754
0.377682787942
0.30621680002
0.311304867834
0.40471054388
0.339353158353
0.389795408204
0.307403939995
0.364815825872
0.352793863684
0.397145094497
0.359208762623
0.259225006697
0.354491710125
0.355125375819
0.417233313149
0.313863024009
0.338444594651
0.398556380732
0.381345593449
0.367697075455
0.377153144735
0.321581977181
0.376774167344
0.328885336067
0.305814796046
0.405999104848
0.359860441197
0.349669890345
0.331328617501
0.370544116882
0.386662143846
0.334095415997
0.35065976329
0.371200671255
0.356972894661
0.320139174766
0.329587212849
0.410988433127
0.300326171397
0.343717058446
0.385264874459
0.304657459003
0.343376883753
0.34663393215
0.401853762819
0.316411175573
0.366088500575
0.343499625384
0.313700637197
0.348704416899
0.384670115243
0.322106708827
0.333602639484
0.264465988593
0.331792374546
0.28947113975
0.279744341903
0.331037723135
0.422211738299
0.364454551674
0.300814889181
0.329562963957
0.323116592712
0.330676631474
0.266828092578
0.318717063246
0.393097516005
0.377870673751
0.348793789975
0.263894997365
0.430677996011
0.399236784977
0.407538891396
0.327848472343
0.367568965433
0.364350586618
0.267420016216
0.391187088515
0.26541393381
0.362037606099
0.282474629739
0.251611561433
0.369659220228
0.327282842659
0.317723788143
0.397654590309
0.33726127171
0.337976620955
0.395702066642
0.400366389957
0.387153011093
0.377183456657
0.367368684634
0.429617686312
0.376974342589
0.304481036035
0.409837945537
0.360326312794
0.383400181259
0.36411567681
0.333856768871
0.304808398175
0.405858075393
0.370879865111
0.407998171825
0.335126679964
0.309340930339
0.32368820235
0.324159600914
0.360025854482
0.3824411015
0.367649190022
0.28066999927
0.357550240358
0.364770336808
0.412420396054
0.405010123133
0.417297072865
0.351733657246
0.341016001229
0.378137381828
0.373703462102
0.356597817424
0.339611670939
0.40590898212
0.439791423565
0.376251681341
0.3473595603
0.200651154994
0.34652382801
0.326944322773
0.388624901646
0.359578516127
0.393002007713
0.361338015531
0.390063826039
0.359569461367
0.325355316703
0.301626201332
0.417955956443
0.296945138527
0.268135851985
0.420808947033
0.42414945792
0.333892835721
0.340620736827
0.446143915313
0.38434895844
0.416914782555
0.389217136143
0.35778086863
0.269498428914
0.380344949001
0.388375939113
0.332136489594
0.35101120712
0.425564036654
0.387276858146
0.408117799306
0.259145883378
0.338754812808
0.341732354305
0.333346739048
0.337656614221
0.371175945843
0.373492694961
0.364291136215
0.38344624261
0.331137901315
0.378154341509
0.372412872447
0.360271578376
0.419819799093
0.370541844472
0.321285721269
0.403585041473
0.350302139546
0.428314423872
0.36273816674
0.32843555489
0.405913488624
0.385035527945
0.395563148792
0.336489170328
0.440758460762
0.312735142094
0.313438495695
0.390348715357
0.304447787709
0.32577431525
0.288336289266
0.429674952554
0.309327418378
0.380205497404
0.320776379211
0.383828529979
0.338594402357
0.355964100616
0.313817826163
0.36337005113
0.390240084142
0.362298199516
0.370281393495
0.283499066153
0.306121256106
0.370179458861
0.361904779903
0.330063767143
0.386082939181
0.360351411205
0.358698201557
0.406468561418
0.433178661707
0.393514211117
0.331213390243
0.339705838426
0.368600503774
0.399695008766
0.316677148014
0.347876027408
0.406609811438
0.3759054899
0.446156182528
0.38753937691
0.452853206773
0.337044267883
0.381213875618
0.419271946128
0.34022665008
0.348359542972
0.358240539859
0.380603837255
0.309638492886
0.368492318702
0.413973313965
0.336630512439
0.354851666236
0.302148988291
0.293870522194
0.347321317263
0.429025690321
0.391454564789
0.408749358166
0.33011617614
0.356834562556
0.332423655775
0.431829155859
0.362342051975
0.380255353394
0.329973533766
0.301024950192
0.300988824266
0.294145422481
0.300917731812
0.384422691217
0.345313010273
0.324216972876
0.369825637818
0.340248928594
0.316139052596
0.422481599091
0.351177185276
0.320105035006
0.422947939579
0.388950273726
0.351212111353
0.375184834562
0.367664074202
0.381174631201
0.379407657325
0.423924502797
0.377840927064
0.392583253739
0.399692838844
0.39259553036
0.307885550251
0.410781715982
0.316809769279
0.344352975776
0.330637996171
0.373947471146
0.396244239031
0.453600299787
0.312351610874
0.389475635994
0.336398982049
0.432009933186
0.337172288898
0.305129445615
0.391097860463
0.399325974853
0.340295457068
0.378134534751
0.361922605659
0.368110155081
0.396083114379
0.327325299237
0.296100575365
0.399121559015
0.307409647821
0.393809834006
0.325189390852
0.387329759808
0.377404123738
0.401507149648
0.356154986743
0.318072916569
0.374514395823
0.289151239807
0.395379958195
0.403077418786
0.363170743064
0.35350920982
0.313960839314
0.407171240367
0.382925200862
0.405586903269
0.442149370358
0.379657962998
0.362170370101
0.370991470193
0.333334575526
0.450774930711
0.375722938623
0.428494384472
0.337433760003
0.341785355998
0.374453797476
0.403400603006
0.415599427361
0.324153577907
0.387995777357
0.410254102658
0.376445657951
0.335945218222
0.385345050358
0.382451342179
0.357178042655
0.358967984871
0.31902817822
0.336403335829
0.377339017717
0.302513088607
0.295182173056
0.29082678417
0.324572761452
0.361551089334
0.422060907443
0.330374184994
0.334330462461
0.375796453328
0.362326712888
0.299593596222
0.340471720917
0.361336892914
0.337433921459
0.363365316105
0.434934982915
0.400095844226
0.383956653462
0.357060028239
0.392449528093
0.352830336283
0.219828356631
0.343121735129
0.378284920772
0.401894133549
0.294144345388
0.353032810011
0.378714981844
0.367439225846
0.3742140456
0.38137525754
0.356283935921
0.315988717403
0.293923392371
0.321289285255
0.331904741918
0.34985806007
0.329412187155
0.38753291851
0.36640778656
0.356378538764
0.388294739859
0.354463320375
0.364696510258
0.399641607725
0.333522862361
0.334550536673
0.36919410636
0.357909153138
0.406093729376
0.415763162813
0.37114353876
0.396228233722
0.314870724301
0.382158419058
0.216142763837
0.370044825068
0.378464917479
0.364365166639
0.311475222662
0.390763629892
0.313197691697
0.347042157317
0.36508348282
0.362058746128
0.401896496783
0.362639427718
0.309801299908
0.251930154351
0.312046973161
0.392167140065
0.318012622267
0.347404253625
0.354812551554
0.364633525825
0.416033623434
0.391309667835
0.393972623853
0.323052625285
0.367823852207
0.339856653632
0.343874487638
0.415761586433
0.290005218219
0.398264370256
0.33962785198
0.351633642091
0.313773486399
0.304407762851
0.378949176956
0.340380902892
0.381052605295
0.323436490761
0.309824574048
0.371639776722
0.334122184267
0.409763632
0.257398165529
0.424769016526
0.407345386186
0.351224531301
0.372265403984
0.353230563078
0.425465149424
0.349183415204
0.411958773442
0.418773889321
0.369528368717
0.355690278047
0.323294632506
0.377819483552
0.29010379344
0.400162053717
0.414085682433
0.363331119969
0.475202545285
0.328711533421
0.402406928464
0.30248864494
0.270635960064
0.385118810707
0.308110812784
0.40886915313
0.365729978392
0.355239407872
0.355453298807
0.452769382076
0.325052992541
0.400307188997
0.375796287889
0.374486031096
0.367509653985
0.394363040386
0.349990251513
0.301460799984
0.382387355923
0.425193013788
0.384548297955
0.36970425573
0.316638376797
0.345868613372
0.391498925664
0.267564469159
0.430543671871
0.367383600331
0.402375880414
0.217831208562
0.379265909613
0.307283168091
0.41216187705
0.33585711037
0.407226161721
0.287138365174
0.226766912747
0.362839007881
0.368518241359
0.417286926966
0.307446809395
0.385142831579
0.368884672196
0.404442058212
0.313822670484
0.325501160032
0.408927799333
0.147611984258
0.309691103458
0.388943099355
0.336467713077
0.379866145519
0.307777164211
0.364175470463
0.361848808961
0.40225120688
0.385621301634
0.301035658964
0.388805577005
0.305615098181
0.370342296914
0.380094535576
0.323552490301
0.413488850172
0.308609814613
0.329177521722
0.450077965917
0.366536164686
0.371948276612
0.386180399207
0.285565773808
0.340460652533
0.338193464819
0.376768635964
0.417665504119
0.434145105378
0.3434694022
0.383316461912
0.390640104569
0.335039873556
0.42192436158
0.336754507996
0.384400178563
0.401945036265
0.401900196928
0.411368629717
0.347618955401
0.344853886804
0.390987088379
0.396884824291
0.356451862904
0.354354732252
0.327780433666
0.358453344137
0.302317426554
0.354637300781
0.375683612632
0.403954076469
0.38690979173
0.316581269079
0.293854085778
0.399118677131
0.369989587821
0.324082749939
0.365292620007
0.421215678304
0.366424518881
0.324858582675
0.344356745526
0.357925209641
0.398056271677
0.426149837147
0.357940892037
0.333383571982
0.292517080475
0.314834447046
0.340884894675
0.402183042061
0.371226764186
0.310956913015
0.33567765036
0.362361310212
0.408487675856
0.38705923072
0.368236123889
0.283865616021
0.337810472927
0.305860858514
0.346022628005
0.37740428555
0.38409314546
0.384823226867
0.406873669683
0.28660367404
0.390421461513
0.36529623311
0.265870808482
0.327672948001
0.3496179986
0.393060494925
0.379445892496
0.315323450338
0.370174923093
0.33943448261
0.359579576078
0.332610056078
0.400952445383
0.429105620336
0.371902464821
0.32040423541
0.333115229157
0.367278816509
0.21337826858
0.34199303681
0.33604547417
0.426077636054
0.32011691874
0.419289327134
0.399040092029
0.357689087105
0.354730563178
0.278126663645
0.29671412831
0.327435739857
0.355001196488
0.351451180747
0.373317280723
0.410259877499
0.332734871535
0.374717030705
0.362010923003
0.4547402358
0.359868295498
0.371302834525
0.436096335035
0.425327092298
0.362018761072
0.303691794007
0.2991991104
0.383109846463
0.28930042848
0.344403393766
0.332344801678
0.316869514186
0.329502522871
0.320409279461
0.363150244946
0.361009977465
0.395142320982
0.401940734051
0.321024822715
0.352830869125
0.194594398759
0.459614271113
0.352338272135
0.357411496334
0.371127236918
0.354355854697
0.376526967341
0.347194980339
0.315983302337
0.3622713797
0.362261653642
0.366850085368
0.395826316263
0.284440103307
0.352876222061
0.272568406011
0.326878029336
0.40828218384
0.276401119681
0.365394148788
0.366206593715
0.351774454502
0.347116757066
0.394265604633
0.361423155936
0.359338565136
0.318404139114
0.306334440408
0.3778583801
0.341279174989
0.317153050218
0.393975607344
0.285003591988
0.348972868057
0.34856153416
0.293368832541
0.325508314677
0.230294665128
0.274699859033
0.222429877405
0.329976513002
0.344741528916
0.354523846638
0.370192845203
0.362360233845
0.392918649066
0.363447481985
0.369768583795
0.229759387598
0.329016344869
0.402210836652
0.406474789444
0.266252103826
0.279984406931
0.349862408358
0.307229330716
0.430705848098
0.366103805034
0.3525768578
0.43114540005
0.296746453478
0.312512268715
0.412794053693
0.259994396273
0.453736429304
0.361843882552
0.406836464047
0.384347492418
0.373475253129
0.384336556394
0.289173130923
0.354613939989
0.360588537876
0.398476846709
0.370861163097
0.372230504042
0.364944223077
0.338837715395
0.337994093217
0.367965391213
0.354771986856
0.363078375951
0.336894227519
0.382581954983
0.403221452013
0.379033344589
0.333242851377
0.312249289845
0.373615562606
0.408821637937
0.349922166571
0.347589568873
0.409168078939
0.373403571619
0.341184952965
0.175610586922
0.348172566958
0.411265782295
0.360163595309
0.408504339432
0.390812459675
0.28659291275
0.391407724219
0.372059645639
0.373378215287
0.432322006456
0.419590236522
0.386090202569
0.269868722632
0.389076327804
0.434078721721
0.376360852751
0.317416454945
0.30184523151
0.353166654201
0.391266830102
0.237872483871
0.410554903635
0.323660333206
0.313324282121
0.367018636869
0.401353544908
0.390549486672
0.378734677932
0.373644077647
0.305093963026
0.344690153379
0.370724185444
0.328708479129
0.405026566394
0.421196195287
0.40685454026
0.423089619831
0.331481309625
0.259632545054
0.34853962801
0.320228493058
