Ridge Red-Wine-Original-Scores 
0.358641891024
0.38190034133
0.405590134251
0.270235280578
0.339653390711
0.362972572496
0.319003342133
0.351511555929
0.343940256716
0.346926169486
0.305340024318
0.335607917588
0.410060007113
0.328519091558
0.360991620288
0.298077105952
0.292708061984
0.33513119668
0.389269249726
0.252905362232
0.392408630341
0.364341217772
0.416842515682
0.332281722105
0.306698702812
0.325164567106
0.33972542269
0.318915994495
0.404333028183
0.321196285334
0.30147581859
0.309691807095
0.347565202174
0.335500063307
0.313196433468
0.320753024868
0.343345108783
0.329789926059
0.342629099338
0.377939780315
0.351880259471
0.346275431846
0.383569256724
0.394321207361
0.31494031487
0.310688832734
0.378243730638
0.327647583223
0.375304578044
0.340203092679
0.298365974275
0.307031845252
0.38155586266
0.329057467692
0.346145162152
0.4131523059
0.339412652357
0.361715561679
0.350972050633
0.371084662176
0.357251127249
0.301465234032
0.285289327553
0.370769030818
0.350362195326
0.342884490775
0.276607833023
0.392930179613
0.357633220933
0.358234931338
0.374966539754
0.331297467001
0.351853276812
0.328843805027
0.352216743695
0.364304866155
0.360142605934
0.30631769916
0.303667459078
0.359641241288
0.385634119804
0.372090504328
0.387865430685
0.374436393064
0.362602760208
0.377989725069
0.381691688348
0.358329910828
0.355874012038
0.401306924731
0.391737525718
0.288915325168
0.280497986246
0.359996605189
0.380148582145
0.362769260809
0.282008518511
0.376799713432
0.390937133391
0.268572346377
0.328852046931
0.288739058619
0.322136411178
0.293860429933
0.372697076588
0.308395522669
0.370763221218
0.330974989639
0.368114354777
0.328595420262
0.355397341815
0.342898190821
0.312097413886
0.364928452232
0.29411495565
0.382329545638
0.318839457678
0.410760257804
0.380829904127
0.421424107523
0.367260819543
0.321979974306
0.310177913557
0.36899755256
0.358411762717
0.395816561596
0.254903587435
0.3353281636
0.360218287848
0.395736661387
0.327019985084
0.398137171019
0.331253099632
0.392444812191
0.358761969545
0.348030119446
0.300235454075
0.372525433844
0.30761255597
0.334476997632
0.361940181259
0.320566185606
0.362455335966
0.362376608864
0.342185955473
0.374979415084
0.393828357846
0.34121162247
0.35216064212
0.319965325599
0.277441722769
0.287147060285
0.292021541917
0.363809784074
0.31993694345
0.238909165671
0.376317173838
0.357858104092
0.341329031511
0.345182234527
0.358360946352
0.296545574538
0.408244048137
0.385639646462
0.305799628621
0.329766261545
0.322833574981
0.348123739051
0.368265991329
0.398416635166
0.324847458789
0.274642685279
0.365739580596
0.349954775906
0.371379982616
0.351505886698
0.27511738445
0.314075083987
0.332589390871
0.294818847267
0.34273267025
0.341420241289
0.270282096709
0.313623729475
0.320554840881
0.32881160323
0.328962511393
0.372252769278
0.4035237231
0.337226251014
0.319576466118
0.403959690954
0.352785193931
0.329483025386
0.35506814807
0.329520091362
0.333560898131
0.348929200356
0.349399335662
0.349199187779
0.394875349009
0.321302143416
0.367496660553
0.317238542046
0.334173101818
0.294930068657
0.385606189034
0.2939729951
0.335142011219
0.339982186129
0.308869824926
0.331183142064
0.334238075154
0.367251392124
0.354844536564
0.351764591676
0.355804002763
0.411119894646
0.344124548244
0.352578942389
0.365519626681
0.285219628922
0.337548474912
0.376725576248
0.255475565076
0.256240833869
0.431725155916
0.353610453257
0.345736997191
0.316691205076
0.385225116999
0.33486962512
0.419921071969
0.313614150847
0.368123746131
0.381208360229
0.331732013295
0.403101637026
0.373359818455
0.340654317987
0.33281543915
0.37595849972
0.282487607998
0.378267051397
0.393066304845
0.343321431246
0.380802218488
0.351268934359
0.321405480311
0.417934515781
0.338610686767
0.398068683995
0.40494848496
0.315981840015
0.284237948437
0.338818081259
0.352453187243
0.291879281227
0.365738714765
0.410060820409
0.315671281302
0.349829224983
0.361151770423
0.350838631348
0.345118474463
0.30528869235
0.393559032387
0.309228138357
0.330966425483
0.375180894964
0.373067215926
0.269524745021
0.328730638073
0.276492508969
0.385515557691
0.337408322278
0.370463407965
0.325130717564
0.391960462887
0.36196281477
0.367535267712
0.319634642393
0.365467805253
0.320477565521
0.362410885475
0.367475487884
0.35334257849
0.384875368553
0.3714135146
0.281006187078
0.348255807144
0.3268347251
0.41465635558
0.354791299727
0.390074396074
0.343767603205
0.349931938701
0.319827597162
0.330935591114
0.369478677809
0.354693070235
0.361238107775
0.332188543045
0.317103776122
0.358508843312
0.297175536719
0.283361367395
0.379449555115
0.35621829698
0.320922479632
0.347029153278
0.379324276265
0.386414884882
0.307977100252
0.354251840759
0.394714285853
0.341851547596
0.351383850223
0.418861246853
0.287411811161
0.397270980252
0.30209464236
0.326475419782
0.326006166366
0.398338823309
0.319989319521
0.280690032524
0.3322749991
0.281617233802
0.326469639557
0.339887755203
0.390105848027
0.323394687774
0.371504717996
0.372308675551
0.380050670717
0.398601411333
0.365610325704
0.380579673828
0.355525359403
0.33709165873
0.373846491402
0.364016349392
0.295712485906
0.367880537056
0.331188037154
0.390977152182
0.353000905708
0.28007128445
0.400359561013
0.35555287288
0.347145855108
0.328076936605
0.3618412183
0.32446465392
0.2472529974
0.328028803442
0.286885464071
0.357233419441
0.347865059497
0.397658261354
0.379576854257
0.31223362876
0.339418866643
0.356513556733
0.381418016899
0.37240873183
0.336598289198
0.311182075273
0.355797392709
0.275682062231
0.273064158025
0.317726586875
0.353175498366
0.352803625239
0.288078807752
0.34668336067
0.368491668383
0.374702164321
0.293881757441
0.407163794667
0.374421660553
0.367246429505
0.347264207207
0.379236002745
0.39736117108
0.277927243601
0.32870906168
0.328671561248
0.360710396642
0.391089747936
0.38998494007
0.340317632554
0.354922617283
0.332084192712
0.314934505223
0.314538164404
0.317515014823
0.301563461356
0.362134838945
0.393465611974
0.372697081429
0.329826437791
0.324603274115
0.369863611197
0.315266230576
0.296611387772
0.316337118566
0.333725059978
0.385560321798
0.27929212376
0.310798774093
0.255470702889
0.344981629068
0.381428776734
0.401708299569
0.392888491053
0.359470541283
0.352843547876
0.374129625875
0.32799364882
0.406198863939
0.325192245393
0.352907028223
0.380035867841
0.3460766745
0.314083809092
0.361838434045
0.394616328479
0.35424940529
0.350427234228
0.372582528697
0.361662416776
0.390808088508
0.381428563624
0.362957031358
0.337352695161
0.291650009989
0.318818424979
0.363416742942
0.359693877978
0.300485642912
0.36200439109
0.377772727624
0.287411056797
0.349239887115
0.32305813915
0.297549926488
0.313087522861
0.347443920291
0.312786002935
0.377517989856
0.343237891107
0.382561031485
0.359839579018
0.313861830472
0.27748440327
0.385089651405
0.346976873806
0.286356464781
0.379679943609
0.304152548943
0.356464351242
0.348300120458
0.430441850568
0.348219876727
0.339273129417
0.242953090244
0.345293248012
0.337706094222
0.382926383437
0.311636199545
0.375910311467
0.320522666539
0.341187698008
0.305982962601
0.284323205537
0.321098650671
0.370998090862
0.338342340703
0.342074914187
0.375529915068
0.41128273233
0.370659746962
0.316714124693
0.31869430129
0.331700248963
0.287859505937
0.386304381769
0.266155848472
0.353153865248
0.313220322214
0.257205826951
0.344954097564
0.360811338536
0.314232153592
0.304169625841
0.329051879369
0.393934999175
0.337138147056
0.336337495229
0.359688997278
0.388158576633
0.364907297313
0.300771685967
0.336520351288
0.291575277957
0.30427423954
0.321255646981
0.379802513309
0.387159276541
0.264080256672
0.371563974444
0.265637439567
0.404335085729
0.331366607351
0.294596844482
0.399358816639
0.269561092958
0.393815219312
0.335816449396
0.297947061008
0.371516401592
0.264033038636
0.377648759431
0.281550196131
0.410882010371
0.283306602716
0.294657055766
0.299476749634
0.287224577379
0.376148859571
0.359281084774
0.333223337266
0.280360983616
0.396156026456
0.373245865627
0.3592522201
0.33737398991
0.394058603964
0.43181996893
0.398184601028
0.392368339698
0.314826927183
0.331023673793
0.426378651529
0.370655473559
0.362865454065
0.41723299495
0.37155855276
0.373865736369
0.339788105006
0.316814828108
0.308963629748
0.339002523542
0.371049138461
0.450289929559
0.337665721226
0.316993701951
0.384583061637
0.313379015534
0.370703867895
0.267565174973
0.358809968688
0.364709244973
0.37306332472
0.334479237804
0.330320003881
0.37768300156
0.328811617305
0.352897830481
0.357521216021
0.320230482604
0.340518413675
0.378722725164
0.338488207267
0.30449414166
0.347173743637
0.360733959968
0.367773949749
0.39113680891
0.348564199264
0.370687728796
0.299046868121
0.345897463265
0.29701141822
0.338011944269
0.312402359849
0.36575693591
0.330307544366
0.387139414242
0.381945315612
0.360187622068
0.329216954285
0.349955533035
0.319183508036
0.384426505054
0.377282107913
0.362433114535
0.314162880118
0.328522414782
0.303042005187
0.378865108067
0.351750994286
0.314044232937
0.311313260285
0.329657770481
0.388944853281
0.306857652512
0.297279114164
0.328698689512
0.364168470166
0.398179176044
0.349881251216
0.390382821363
0.324543171231
0.365531572103
0.346049755955
0.340598764934
0.340757110366
0.420609244686
0.309168909243
0.422000375273
0.417781166303
0.304375986024
0.367323090366
0.343868835077
0.393305158751
0.317230487532
0.340691919722
0.347452356844
0.351982188591
0.272509340178
0.380375697915
0.379083976914
0.346489718043
0.295465881702
0.282786591843
0.318264206929
0.329178885404
0.391566780434
0.30247704393
0.3489044247
0.373124785752
0.38132614519
0.345308139349
0.32478962356
0.349171271454
0.375918384824
0.403722087566
0.352495013433
0.319243064286
0.318332845184
0.319055774992
0.305085536871
0.357047558865
0.287809070409
0.380944880371
0.334219149166
0.392131139104
0.285075418321
0.364692447367
0.284595374906
0.344434287375
0.282126719911
0.373048117344
0.294383583701
0.39476523348
0.356600198006
0.330713620182
0.338607638572
0.356754785131
0.35966160821
0.3742621001
0.410865112821
0.342675082695
0.355110444834
0.307439199207
0.378594668764
0.351928813078
0.319114758164
0.296807143344
0.296676445474
0.418418719946
0.283281495318
0.318119799031
0.369143993167
0.288633586359
0.329428001006
0.336767087114
0.326746277174
0.329619029639
0.341126135781
0.348232362183
0.282473296986
0.378877907163
0.297609052255
0.310954113912
0.35384852084
0.358830407041
0.255847857981
0.356445682193
0.361198997859
0.314763929755
0.363934875446
0.339717044553
0.375516892626
0.389558260066
0.325313400529
0.372055841915
0.301028627919
0.373927437541
0.354777726002
0.375931785051
0.382659965944
0.337228658141
0.389893126118
0.347054689461
0.35771428785
0.303622064595
0.306897797337
0.302679447596
0.31387993092
0.233018215654
0.358050160405
0.339939810437
0.350089648529
0.355767080386
0.352375428157
0.373142623933
0.306679035518
0.362121696719
0.326969619592
0.385740513895
0.306050815467
0.409114040149
0.396099931014
0.395223291
0.379808405898
0.301676167306
0.333647857634
0.32382536607
0.339455853745
0.328446593513
0.373281979115
0.375025727495
0.356180785875
0.305743265524
0.35151965252
0.355470216772
0.298616465625
0.382186849468
0.35800516473
0.346388159434
0.280871670094
0.315779882023
0.386632054228
0.314922028041
0.362054325389
0.252728051824
0.375509369269
0.345786614075
0.369371354048
0.30890339157
0.36795885195
0.38411396894
0.346306637607
0.392979582238
0.364961157982
0.341549559959
0.393653919006
0.264867897057
0.328958490766
0.383419033294
0.321919933256
0.351114417038
0.358635820426
0.32026613063
0.401955682673
0.379058830542
0.386654151538
0.367025961631
0.418643608566
0.36209958005
0.342959648706
0.306793357229
0.316530488365
0.26212420618
0.388804348893
0.338377286755
0.331259183708
0.441610193808
0.324129442848
0.338353832757
0.360348582638
0.375417799232
0.326233583163
0.361174067939
0.299479714049
0.316988041066
0.367679759587
0.369548517318
0.378837018999
0.40900510077
0.400396889919
0.297666245465
0.314864941994
0.260721142927
0.304792436475
0.346009357022
0.273291795605
0.3030511103
0.329640345866
0.334810791276
0.306950099082
0.399843232526
0.319117747426
0.388587567446
0.312181112293
0.314194015441
0.335730204147
0.331763737242
0.266232019942
0.355741293442
0.378259678555
0.3277699773
0.428805231699
0.354255167514
0.360561649223
0.312177363672
0.319837777857
0.248349740952
0.315273095
0.327816371695
0.335583801625
0.346037008495
0.393655430849
0.304038964115
0.299511446506
0.270864674846
0.334617464192
0.34742012993
0.313142731202
0.368187914234
0.36138706473
0.398875759865
0.342559581589
0.357154508429
0.342400469261
0.378964841479
0.284555483412
0.316637071462
0.356798656951
0.318366077843
0.377041211264
0.395200317062
0.331478053597
0.321045502435
0.335299310593
0.381949086719
0.369351816995
0.352500117608
0.221943588749
0.324534782583
0.320203552845
0.345309521973
0.27763260394
0.386727649758
0.363644618809
0.382424254591
0.367043760053
0.421599979254
0.366364507859
0.381833754135
0.334125490448
0.342322562516
0.296953680963
0.376778389199
0.382619339484
0.353978136724
0.284589862814
0.30739593571
0.344368304645
0.310965985748
0.414066706397
0.31777669736
0.307297020255
0.293842221081
0.375736023117
0.373329691183
0.366755132857
0.354257693252
0.253125299905
0.30949469735
0.387266655675
0.422033853825
0.300503963104
0.31639912899
0.34867172188
0.285770263675
0.296362145596
0.378528562258
0.367997656592
0.340741486532
0.359527603417
0.287664155021
0.380761950346
0.424523998364
0.382716667668
0.342167779087
0.395177259038
0.354727152446
0.302394945718
0.378802053562
0.311166430328
0.34468980773
0.334347716115
0.299510970452
0.331049897476
0.354468063885
0.336134271848
0.338009878216
0.340556518988
0.349834635558
0.355135149691
0.392859258457
0.349220967185
0.342550204447
0.330778324656
0.330126350471
0.265320946754
0.305733008702
0.332127793056
0.383442903526
0.393115860988
0.37027811551
0.389579192594
0.283921832222
0.387167082342
0.352626429066
0.378355846804
0.321329228295
0.335193223295
0.353612188381
0.370078313552
0.338552388474
0.290667480099
0.371053829279
0.410029230848
0.403171220203
0.348915136034
0.340950193984
0.366837025457
0.301731479794
0.311531633822
0.367270503029
0.322862851731
0.347177864752
0.273232196987
0.351766091723
0.27119401425
0.364029101593
0.397032448645
0.352305734527
0.36526190597
0.348904549132
0.370506413096
0.296962464656
0.402583629183
0.428203886579
0.307659895393
0.411720232546
0.340554276652
0.282622937089
0.406300113673
0.324600096109
0.300944687029
0.333760066126
0.327485633311
0.375703261283
0.272286930882
0.304967605324
0.253309173461
0.303045187387
0.305548207137
0.368546771299
0.329637164529
0.313427582248
0.269317016674
0.353452401903
0.358902022521
0.339581207623
0.353081632792
0.289794684697
0.313190896494
0.307024329044
0.347129288638
0.301593281765
0.386784668308
0.378251468353
0.349999173989
0.346259759948
0.330916573475
0.373338703154
0.376230004226
0.270946916817
0.338304322819
0.342868687922
0.314011555107
0.396519150345
