Ridge White-Wine-Quads+Ratios-Scores
0.353558149306
0.375369606726
0.362442434661
0.306995757013
0.330650321442
0.376359523114
0.34302040917
0.32059662399
0.360367239014
0.37932721942
0.351236457627
0.377791226543
0.326485969701
0.353827181027
0.414751535135
0.396298464241
0.389098224954
0.346746362375
0.366011546735
0.391671622653
0.370543787415
0.313799474166
0.374252439873
0.391362135088
0.341100870153
0.36040073707
0.348120866935
0.32894240689
0.36681521156
0.400235815536
0.401498011561
0.383430691108
0.372080510538
0.401188948647
0.379749587749
0.399664748959
0.362356432997
0.384310955915
0.340981058484
0.375588018006
0.351894779498
0.367486139719
0.387633283187
0.373228902228
0.358805152162
0.357926527584
0.402547011882
0.342944012848
0.365986402342
0.378088816871
0.359196481813
0.348692344332
0.381344591184
0.401695573261
0.379905425223
0.383490226441
0.354168282199
0.362930366248
0.390628446792
0.348371445693
0.364245445075
0.277236442759
0.299111927592
0.40475330617
0.371796040528
0.417013302791
0.370134342954
0.383925619746
0.381841600069
0.40226818398
0.361608080269
0.343192671565
0.389134148271
0.334255085629
0.356821398613
0.359846488138
0.359689518859
0.357015414223
0.351499736771
0.322047270589
0.321950422069
0.369892488308
0.342096449216
0.347772064778
0.369814294508
0.395110286511
0.38943841413
0.343734241636
0.344462287997
0.325029150004
0.36021564674
0.363385762445
0.341735056175
0.348169978738
0.3703374357
0.390201101383
0.36046181451
0.389074563726
0.339936046222
0.398843384557
0.349584947748
0.361769956308
0.291664810882
0.387262977136
0.366219095165
0.365318490273
0.3965816643
0.376588418212
0.421464110894
0.364915580776
0.41799894857
0.405937745188
0.377871800386
0.373938832306
0.36237771784
0.348890802203
0.353739071922
0.349384445638
0.369578912875
0.363098075863
0.339636758685
0.387313507086
0.361683547994
0.355447839716
0.357650118159
0.346005039286
0.371659413792
0.367870771943
0.320502172902
0.368306665416
0.363440838067
0.382574839259
0.360860103574
0.376782148256
0.371053086612
0.366925338094
0.351262467638
0.358790161741
0.360926724874
0.385685608829
0.371606411916
0.375473944342
0.356890511061
0.358678383261
0.370421592837
0.381909713615
0.387812312256
0.343383995186
0.368070681129
0.327633699369
0.365524276732
0.373312016346
0.324685747015
0.382169603593
0.340871534144
0.384804315388
0.409689890285
0.452356523206
0.379602386779
0.375981497962
0.338566050311
0.349167277958
0.335652111431
0.392927902767
0.354871819455
0.362503243323
0.360377245254
0.404096923536
0.381361350761
0.326890558497
0.348857761542
0.363571358685
0.338794903333
0.380887823044
0.335319370058
0.362281815426
0.377583829516
0.331872084063
0.400130080525
0.351456336298
0.380857467685
0.374000532756
0.317226482184
0.397066687585
0.335900839066
0.35900652238
0.30364576417
0.301199820579
0.354036488275
0.341670777665
0.350172734565
0.369750563646
0.339764035885
0.339713721483
0.383538909976
0.384375735869
0.378168790904
0.281152005807
0.355458751214
0.404615144606
0.373630224991
0.389242935281
0.385058424008
0.404323984967
0.384150808702
0.340854991109
0.321536444187
0.354368281279
0.369445667073
0.367681391573
0.353661773405
0.343713170695
0.368647398588
0.422346390156
0.37468528596
0.336491584451
0.361571276378
0.346336172485
0.330716658617
0.367074072849
0.377484230298
0.39409548189
0.391161502454
0.387594384418
0.351086339932
0.387829507748
0.374657672764
0.328821579529
0.378851717345
0.392457120677
0.379885403691
0.326317773875
0.381255416052
0.355302962696
0.376829699826
0.375067147851
0.390210148483
0.335581273349
0.336450137682
0.385909614666
0.364872422069
0.378624461038
0.29729475828
0.404308959817
0.372699145932
0.293448307928
0.38543457055
0.363960184736
0.382427970048
0.348980916496
0.364756890427
0.360043692095
0.383158827015
0.334901280199
0.349727804654
0.363183077579
0.360533393406
0.369574255362
0.335099918123
0.399778894301
0.318738522745
0.405078328676
0.375564995612
0.346665470968
0.37759468956
0.392758333584
0.377461624275
0.276220311434
0.377931443538
0.366231815417
0.377404678623
0.403462837777
0.372998536719
0.359854140315
0.399397156467
0.337149174846
0.340095095973
0.319373836607
0.369394084177
0.408365741086
0.388110391769
0.359059816213
0.359478406071
0.362995670522
0.32513311941
0.351408023056
0.350246600463
0.375254978113
0.339470160948
0.37302187639
0.404401011206
0.365248168404
0.329719897888
0.36209562245
0.39497925792
0.406233370128
0.385639132124
0.368001659047
0.392011631421
0.33268459213
0.354028138893
0.397209323249
0.381308244571
0.349900812929
0.379545200078
0.380430227986
0.345336320508
0.37035161146
0.372399370206
0.351389641425
0.373649078912
0.364968691548
0.340920416241
0.397381370689
0.341716377927
0.357287405978
0.337598059857
0.359302196165
0.372826405248
0.327296767155
0.327151269898
0.340173370011
0.3914476826
0.371916717367
0.362812747676
0.373192099411
0.402794568166
0.366412249367
0.339133256328
0.38756129687
0.335664838566
0.3189610273
0.379509998912
0.382696556706
0.345708435588
0.353219115701
0.370164074294
0.404536701575
0.35065710458
0.271160811285
0.35048996596
0.324309497085
0.375205815951
0.286764755104
0.39689836157
0.376537886841
0.392812946626
0.398343280944
0.354112289944
0.337287872739
0.339487253175
0.384273838989
0.350478686067
0.37454949333
0.386743440248
0.370362870094
0.404221014341
0.362453488109
0.376334283279
0.377184610988
0.356211117682
0.358934399737
0.293450546781
0.316736463224
0.391029886104
0.378694456714
0.371594936946
0.37590122868
0.37261422058
0.370487417408
0.349523645282
0.34506193849
0.368242737089
0.33554171506
0.36008653044
0.344536843376
0.381906960558
0.362942940095
0.442416589742
0.359341198431
0.385115612859
0.363587061318
0.342795035676
0.365760250132
0.276802372547
0.398803940316
0.397141764811
0.333845146811
0.372147131021
0.330284986813
0.360379347643
0.381532562193
0.337001082607
0.40547071801
0.347891071991
0.379451250715
0.363221405443
0.353477065335
0.369176326944
0.33564977867
0.36203960764
0.364478530571
0.356485958569
0.343251935392
0.3743993619
0.372195649739
0.376960657035
0.348165895848
0.348324173318
0.371074260367
0.376492712309
0.385086460941
0.393604581839
0.356057638182
0.327600738334
0.368683242426
0.353442756747
0.360567564553
0.358562515639
0.377862109827
0.349315373187
0.337007970525
0.380105356424
0.384474406018
0.381901301827
0.335552335157
0.393455075055
0.370572383729
0.364649094489
0.33785119306
0.367420011792
0.314076611285
0.335601841202
0.415335320393
0.344237192105
0.359750677754
0.387525600752
0.369330866597
0.320238695201
0.393611415723
0.39629672723
0.369236743958
0.316448975219
0.351562839676
0.307556125046
0.362713519952
0.378943982408
0.370954264732
0.297367192593
0.361425364551
0.393452530881
0.369960349092
0.381798642675
0.381647370165
0.364024302517
0.381078036007
0.36383501196
0.332217125228
0.343728779257
0.358626682151
0.372874894931
0.380521501064
0.42006949303
0.337724211742
0.354780390593
0.355412248024
0.372115230119
0.396640148487
0.392706129419
0.385549613133
0.362353863621
0.33998626057
0.365884101155
0.35649613612
0.384215936519
0.334886055213
0.360764347265
0.346565551324
0.41430830997
0.389889547344
0.386778916771
0.369010034468
0.355604904615
0.371617748783
0.384374899388
0.389406173165
0.405975241129
0.385773947325
0.379805489105
0.339871441681
0.406949918173
0.359293477108
0.359244826313
0.394804937957
0.338211162871
0.375915402501
0.341587193839
0.377977598083
0.370048435502
0.373752213188
0.343419470942
0.373963179041
0.352451339439
0.287378954178
0.344482260031
0.375522926105
0.360696975078
0.383636707595
0.363303770555
0.3805810773
0.364077481705
0.326872524223
0.390487279744
0.384745633748
0.405954383596
0.368809069628
0.320332507155
0.412167378349
0.333548831433
0.341776459075
0.378834735005
0.390543015335
0.376918947036
0.311515037126
0.389072992622
0.354988318181
0.364963813696
0.399112401481
0.364823288335
0.356132615711
0.389234731397
0.371539578991
0.360478904203
0.396465048004
0.37226172371
0.362047668532
0.373297284518
0.346464192827
0.374696238588
0.414772621136
0.379892141763
0.363299134942
0.377235327731
0.367611705937
0.397278667125
0.406374436205
0.382334456101
0.383265025535
0.359113096767
0.358429680781
0.393051364722
0.367428461653
0.388356727827
0.341995820775
0.385864046654
0.331283488823
0.309865641584
0.378762769482
0.369996295322
0.397603005959
0.383045920771
0.385518140697
0.326109192229
0.356685820264
0.357967368999
0.337788411396
0.352123639617
0.387944729479
0.325609661313
0.359327532947
0.331394625943
0.349256170861
0.376043995524
0.396759093091
0.355594134479
0.359874926434
0.394761975066
0.35139165813
0.362011582792
0.336957243503
0.342599714567
0.361336869875
0.371818228555
0.380514126058
0.332492878189
0.339169726008
0.337854980557
0.385591963917
0.397030644878
0.369496425757
0.396420053472
0.405781077925
0.339421227164
0.339842560597
0.36545109399
0.356332387533
0.351177277643
0.387531654041
0.368029064372
0.3786747079
0.35822551229
0.319066773397
0.365479933114
0.35787704388
0.318290823669
0.353189344917
0.3428778871
0.343096682821
0.361644725156
0.394637350726
0.392634004592
0.335574216638
0.360729855979
0.394528303035
0.356827616671
0.383916039165
0.387281097728
0.373361649725
0.346644846156
0.361285175584
0.327313734845
0.310819611921
0.361979040045
0.391382513637
0.413546436871
0.352071725007
0.3504013381
0.348847735289
0.339273651714
0.385611404614
0.348005651308
0.346857649315
0.346764840727
0.397675063586
0.363802499063
0.349445053094
0.364637395302
0.368901467288
0.375815277751
0.391276035054
0.353508511105
0.321702833484
0.359873585477
0.376380274971
0.394787904556
0.378023185421
0.393370826676
0.364671093103
0.335443246088
0.335701240638
0.375210051407
0.391850370839
0.382023195083
0.371127981194
0.353481373674
0.361627339404
0.358646842472
0.310473953465
0.376097379054
0.362260326855
0.379836055786
0.331181571307
0.357231185852
0.368815809253
0.363510035689
0.378914182906
0.375953751798
0.376541661787
0.35473823536
0.382831906741
0.34597778797
0.359753152823
0.371552574
0.389765470583
0.344083404467
0.383883065043
0.364485694035
0.391747721916
0.383818320886
0.32468512767
0.321080225756
0.376532610926
0.357423610906
0.314785148304
0.3848468062
0.33574187821
0.385390143296
0.338571632512
0.37122387929
0.378721779833
0.358862724419
0.372519159771
0.364814090871
0.391585896886
0.379199654612
0.338253495253
0.408425531139
0.367972249574
0.325829570233
0.369061725357
0.336063719948
0.360358909873
0.360301948169
0.364649178542
0.351945530065
0.359132391209
0.354015465589
0.367976803586
0.412342962903
0.353103631647
0.350011923296
0.356338307399
0.367376008631
0.311554026911
0.344015790445
0.355329273532
0.367782743567
0.360523453599
0.348164788544
0.29036117697
0.392198290306
0.372346336361
0.352758705812
0.314556259517
0.35622696922
0.358839431797
0.378633597171
0.374866376334
0.39593434814
0.380934711386
0.343369946076
0.384818739674
0.339804398682
0.357284868268
0.341766048595
0.338397239143
0.342071795836
0.361654352757
0.369128680739
0.352495181243
0.338347645112
0.373346208563
0.391072323717
0.342207337287
0.3430392292
0.418902954152
0.33626824179
0.383163171525
0.350463668046
0.358629282828
0.341968668727
0.389920239069
0.369001344536
0.372948664292
0.362656254606
0.363455993552
0.376609772915
0.334697965394
0.326045386911
0.374685577594
0.336476661692
0.322116892447
0.372318757193
0.330194084981
0.346921628189
0.319583791526
0.372805708677
0.343850755727
0.411817194226
0.319695206127
0.374404529139
0.373036247566
0.37629634495
0.373063246133
0.361761047589
0.391785428929
0.330497298633
0.378468960421
0.399030043904
0.316993766222
0.342293414085
0.344998194003
0.358143279529
0.320217740934
0.372250082856
0.388516393859
0.386379831975
0.343531585199
0.374285897999
0.366493140842
0.330328251688
0.355556967138
0.397841313385
0.340412681338
0.367746276148
0.405975678535
0.357701862539
0.384313960276
0.349352233682
0.331885086312
0.392078480022
0.348796159307
0.39321628353
0.354764632452
0.359501944872
0.361573394461
0.385493071575
0.338224338589
0.325249094813
0.399910647359
0.348239411041
0.371858152106
0.341817550308
0.382471348671
0.391887334243
0.345926147835
0.361372131445
0.357594871745
0.368201459318
0.35014309362
0.373192734585
0.360848609978
0.365859453677
0.369550279404
0.407179870469
0.313011639734
0.314854628464
0.391258996129
0.374560608199
0.313146030229
0.410041645485
0.343777008464
0.373202032268
0.357216304554
0.357320116944
0.360692441325
0.379466368747
0.31320147828
0.369947031893
0.383585929257
0.354978257152
0.342830057926
0.36996964547
0.384666194266
0.377576300943
0.308223266474
0.361269548884
0.3579196883
0.333703036449
0.327913814765
0.300781293848
0.33929958407
0.381604778979
0.389714179147
0.370443159059
0.334704586237
0.349230574097
0.366411866998
0.381330889757
0.302461154006
0.386287334427
0.370092702653
0.345078910553
0.353569486517
0.379475909567
0.362951755438
0.331466686277
0.338357026518
0.371805007408
0.30272507252
0.333093916467
0.348338071727
0.406667245186
0.395814772806
0.382341331703
0.375838842055
0.373180855646
0.392857430276
0.333511501246
0.349502463475
0.397273106909
0.349536248298
0.334626431635
0.329875954932
0.376969431339
0.359374936807
0.357328465886
0.373399153083
0.357123557929
0.371117151783
0.348859799769
0.369207913052
0.346883761536
0.394078283214
0.349660958565
0.362054678872
0.375487129395
0.382320639234
0.401406012733
0.363552377963
0.328897128437
0.397437800581
0.357471005087
0.37012374596
0.38204777039
0.380631408354
0.400094131778
0.337295916269
0.368352235119
0.375869964812
0.359084412302
0.374223476435
0.393065608306
0.392167528295
0.39365695945
0.309867978566
0.333168361203
0.34182619549
0.365054418927
0.319367215781
0.408998888195
0.370173726537
0.35572766601
0.381397828572
0.392479016368
0.361159987441
0.422238549571
0.373627307504
0.351101073605
0.386350427485
0.354494144852
0.391103749461
0.364157042239
0.388644325416
0.35120693162
0.395806354064
0.384346143789
0.31935145007
0.390949486189
0.341684067037
0.324998476404
0.399145459709
0.357404507274
0.373563644566
0.349839944362
0.335051451891
0.368060135513
0.361898958706
0.366045071652
0.346834597495
0.334038970049
0.377526333294
0.358033856909
0.373883477829
0.425812376981
0.395076958585
0.37153762162
0.394078109327
0.373366980725
0.338922231263
0.346300548903
0.384539520232
0.371846689875
0.354265678454
0.350884841084
0.375466961638
0.389887043615
0.376084104047
0.381496903502
0.358652225532
0.402349810155
0.398686896231
0.357556182996
0.39440691118
0.347779321874
0.365711711515
0.375596688006
0.374993279936
0.404491243748
0.359578652016
0.370359837853
0.402867619391
0.353059765854
0.372027369548
0.33520366707
0.345208122138
0.329595631108
0.377199432949
0.364724337181
0.356468618916
0.327730589174
0.399612763764
0.349347149604
0.359904388166
0.35562300868
0.407230539861
0.385940275654
0.387827800677
0.302326238417
0.378933086287
0.406459191668
0.356103720098
0.363642531851
0.37635406146
0.393257272246
0.378985703167
0.297525714963
0.371615731328
0.373386761632
0.383032420621
