Ridge White-Wine-Ratio-Scores
0.378994745856
0.372928478161
0.298625415663
0.385695497919
0.288687390011
0.362304597091
0.350150580552
0.399947780997
0.335763945872
0.350324945374
0.343058437049
0.384682907062
0.351461808696
0.320283708693
0.378006036294
0.374003561271
0.386577940592
0.347366457864
0.343967066226
0.394984074811
0.328675273767
0.36404846995
0.338686811837
0.391975419679
0.354366611578
0.386919420623
0.379191452075
0.372659072515
0.336302295573
0.352280289499
0.355968016851
0.347653183245
0.351991771577
0.372476729995
0.402479205277
0.32043392307
0.356666325905
0.334103832402
0.316274788202
0.346685029831
0.381807278909
0.391021819024
0.374815097229
0.333583762865
0.368584726062
0.378675934704
0.356647773135
0.324977827897
0.351235071351
0.370207686899
0.349972720345
0.313818191336
0.33198017325
0.352526765277
0.338993719388
0.372022845664
0.376233299333
0.319170681559
0.385003182532
0.344557578545
0.366303806334
0.353079334624
0.343690703087
0.362567296917
0.40177442319
0.310614197903
0.34551515057
0.344690153056
0.410149092686
0.331620166146
0.366600333339
0.361250006684
0.355716162291
0.400321100092
0.395823173863
0.356953736982
0.352719359414
0.338194919697
0.366681642603
0.332966919369
0.378303410312
0.33563442144
0.345471416283
0.347020249322
0.367754509202
0.321471784346
0.340756792468
0.373509198355
0.334444105455
0.394091094866
0.354654359377
0.401288918425
0.329117050216
0.353722550076
0.356469097876
0.344147781654
0.370555383256
0.397482215094
0.375724725501
0.312812218377
0.325165183576
0.346471896298
0.319048286441
0.356951439359
0.369694404816
0.391468163007
0.367814819072
0.364411069214
0.311664816878
0.318664110195
0.342131222649
0.353418967699
0.386466609841
0.357722256006
0.391730470528
0.336376995719
0.354521210495
0.312356269036
0.32813691598
0.35566504578
0.35377364861
0.292664683425
0.34307991826
0.375533693457
0.377567984761
0.374631177983
0.311403823516
0.367264115594
0.347194565288
0.36749039225
0.330818156268
0.339094571915
0.347131984398
0.34936155562
0.340466149939
0.391819935473
0.369894158054
0.401876525861
0.342281223349
0.377428627198
0.359320608087
0.349953364353
0.335901634815
0.282003763419
0.369515820921
0.313167175256
0.343028558315
0.371086692269
0.358225487849
0.385286656773
0.367944431535
0.333896678487
0.355675276716
0.337800648025
0.320490221072
0.330446593572
0.343446082447
0.37245076675
0.333791725073
0.337493078947
0.440772010291
0.369543642099
0.361686055338
0.370709638984
0.38019563234
0.391232309075
0.37087196564
0.347245891003
0.35948703138
0.378257992889
0.354102257814
0.329361513401
0.364183473361
0.334651668812
0.337838399373
0.365437088301
0.288928247472
0.386127916547
0.336850247607
0.370234048791
0.349388333835
0.336239031651
0.372090512679
0.348969098886
0.399758488045
0.336687108199
0.353142102094
0.397494553531
0.387387643938
0.339553016896
0.323839886722
0.385483183377
0.347232661195
0.337270078772
0.349677555466
0.34865226996
0.344059734942
0.349460280389
0.359815897089
0.390097789372
0.396386486863
0.339781902455
0.342397695155
0.29400060094
0.359719389682
0.356415473981
0.377020827277
0.379150343334
0.361891554535
0.383823697744
0.365225916549
0.375146662913
0.386966966896
0.37900968974
0.389349049845
0.347551623244
0.382998377216
0.3662601533
0.325789115053
0.367065129952
0.348334093014
0.394108340793
0.292688104984
0.37032411293
0.355518922343
0.385662957159
0.373819140062
0.369525838733
0.365001875242
0.375745648117
0.345184930038
0.383025683492
0.344731127702
0.345895345872
0.363789153824
0.371912179358
0.333972045884
0.386243275004
0.336108087833
0.377900763401
0.361524972685
0.417875902594
0.333402457674
0.38683525703
0.384542924133
0.348673802156
0.343931491842
0.358107503363
0.323372760327
0.357186175783
0.387473453214
0.389099551646
0.334652621585
0.336748678793
0.377143903354
0.373135919426
0.338657935775
0.369330009531
0.358246104694
0.350138922223
0.331751547103
0.395013344736
0.34820199343
0.374715509197
0.348478339703
0.377711686946
0.36407109178
0.361517143905
0.389823247401
0.377701796807
0.391003343428
0.385081092155
0.370891560209
0.356382787773
0.353307978271
0.347465709456
0.360687348738
0.33740510678
0.335886286756
0.345236845468
0.3530192844
0.314638907396
0.366445706796
0.330160593853
0.337917989098
0.331989912796
0.327295603486
0.338824064103
0.393108883049
0.385148219762
0.315424361014
0.354090749401
0.327936239379
0.391457453923
0.341868807019
0.355902415475
0.366396084328
0.360065404936
0.398040689894
0.350306918149
0.304993307379
0.395535162852
0.368318459752
0.366606044859
0.387449195034
0.397004321882
0.316609746697
0.350125492545
0.34384334987
0.369373314055
0.365411550498
0.350977221182
0.360872894943
0.334022281534
0.356291816571
0.337234935966
0.344929919221
0.402992980218
0.369672920896
0.4045611765
0.393701732686
0.347344383418
0.361604457269
0.380889963042
0.367439899857
0.361376345267
0.389984369222
0.402251023475
0.351677518589
0.325529664547
0.389436584246
0.298992242394
0.378892513969
0.360294378918
0.342414765675
0.32994809307
0.373277839124
0.343306146037
0.369340453914
0.381779204406
0.358523432161
0.327599574938
0.328578664846
0.35226871316
0.35558864889
0.367412016029
0.391707488022
0.409026163189
0.364906603434
0.350362014255
0.380362395159
0.367039754811
0.367746470019
0.326782170216
0.309529306958
0.344464300751
0.395282357244
0.369161993036
0.367993036462
0.35247291286
0.329771621673
0.371305296867
0.346398668919
0.393611886814
0.359207771063
0.365797761659
0.370485454159
0.377602980718
0.360970626867
0.353270623148
0.361001008223
0.343145916322
0.362741966566
0.336751130496
0.363210865745
0.313990131732
0.367882600553
0.376973107831
0.328157485199
0.321534885321
0.350980450307
0.381234965411
0.39045267768
0.329823219706
0.371031264957
0.385536809863
0.354002011008
0.400578197409
0.358562242544
0.389638448363
0.382350547224
0.366994893913
0.349262663496
0.382130367504
0.310916269926
0.366154624884
0.338423798199
0.355298215546
0.313571945679
0.306728032812
0.364707467534
0.362003062077
0.365843462999
0.352252310971
0.371751763002
0.375588654047
0.321291180239
0.352229254239
0.419750135038
0.375557746383
0.392419216042
0.343485142449
0.329148703757
0.381745569555
0.360033482414
0.350434728408
0.345224048785
0.375030888993
0.354136946832
0.400266347635
0.317897788053
0.390770184626
0.330167108142
0.365545882714
0.374146859127
0.34466698998
0.345043639638
0.42501144194
0.37440313229
0.355254211089
0.361635131459
0.38887053159
0.36764300731
0.368141788014
0.357728208752
0.34045948014
0.399794313116
0.334111708541
0.382887448419
0.373197055177
0.372637687524
0.36772846544
0.361324699437
0.385614924946
0.361315141496
0.376541869699
0.362057028432
0.384632062186
0.337186447443
0.3622711556
0.354394157701
0.33854550386
0.368434545022
0.346916488749
0.373885530211
0.367867512355
0.341611043018
0.37251963154
0.3732662441
0.397503439723
0.389310380168
0.390645465503
0.369738874377
0.363275581312
0.360573287567
0.369246978783
0.359893570335
0.361706002168
0.320143904265
0.291283758058
0.326848924836
0.373152845716
0.388397999391
0.378777399457
0.356028648447
0.305151038254
0.332773104655
0.369415849829
0.395613238124
0.337987116105
0.349605856141
0.340966487639
0.38509363819
0.373930428884
0.38296715315
0.357038469024
0.310951636438
0.332672264823
0.318311270332
0.315604049045
0.404228361497
0.375975097672
0.335091905921
0.324177313288
0.359761303799
0.394549910471
0.397433337038
0.347000640664
0.368615617837
0.347062310804
0.324566474441
0.358205067815
0.319537204896
0.341964180431
0.381188920245
0.343086033089
0.334504898376
0.381908599805
0.356514866008
0.350269288354
0.384259693538
0.333382253549
0.337418417417
0.389019082734
0.369046385437
0.382786938345
0.372061764387
0.305403274419
0.361294125599
0.36016760094
0.371229788881
0.3586239375
0.329744111249
0.3222145634
0.383718446978
0.347889071524
0.371755811566
0.378297373467
0.357764404827
0.383308954908
0.345759221996
0.375140227556
0.354413393531
0.387475192529
0.363010810332
0.373883853217
0.299699582765
0.383795618565
0.364086066412
0.376144597763
0.313724423725
0.327858116814
0.385669141684
0.349776713317
0.329951747518
0.396106630289
0.356845323376
0.388327133731
0.364521938363
0.350385592097
0.357928027075
0.332873004816
0.384714097197
0.357981101141
0.36692955619
0.337551403055
0.386781548767
0.346699201763
0.376246532388
0.41010033611
0.326438911969
0.338782616476
0.339141373291
0.359705942236
0.386869303605
0.325036533672
0.353201031555
0.368828765692
0.335184093487
0.313569003067
0.348282137017
0.335786611514
0.331863485793
0.38078565792
0.338275246995
0.354848666302
0.395723313612
0.374906305099
0.364134305823
0.358894681067
0.333729550579
0.347679891147
0.363610607845
0.352137941217
0.323838242857
0.365161175467
0.375128781972
0.35134463727
0.412441176343
0.352867385628
0.341329145843
0.365604326836
0.357267603114
0.390475398908
0.352990649479
0.384659277474
0.385833165778
0.348663059769
0.340281851865
0.370279054221
0.330126295772
0.373043137531
0.348230471998
0.328646503357
0.394762369161
0.339431139597
0.385568950845
0.354922684973
0.341699401734
0.38929601714
0.343641499441
0.342617113138
0.354387965284
0.360787663021
0.35089948501
0.324162164268
0.409959555615
0.392140693689
0.36056840582
0.365946218357
0.333762905477
0.365340810952
0.358579538406
0.339764828563
0.366052641716
0.348033418362
0.324027353074
0.363888324617
0.345864907138
0.367128893362
0.372993197399
0.366775945282
0.377176198603
0.347310768082
0.369539864361
0.330242919003
0.367142422237
0.402966060446
0.356040813051
0.360242035638
0.326269320214
0.378351145603
0.358745407729
0.373039462075
0.343966231753
0.349659095575
0.372944327504
0.300088817558
0.338037259111
0.403550343212
0.384404973227
0.360103238621
0.33793361465
0.361218670487
0.352092295109
0.375071118142
0.362281052444
0.383469037171
0.385000972112
0.378798537668
0.389187727306
0.327960815456
0.337811897731
0.355306936399
0.368609760792
0.336748609656
0.328140195031
0.377082171382
0.360791977569
0.327521806729
0.381695073889
0.341881952748
0.344862939363
0.336203132951
0.379300225388
0.400861375498
0.366966766642
0.356749232658
0.350751819259
0.353167089439
0.368861374823
0.363204056275
0.37785759003
0.354891815184
0.343649127247
0.371322830732
0.326209049847
0.35935269102
0.338630399067
0.378780508228
0.325966464458
0.307192129073
0.341879104099
0.360827199145
0.346613685056
0.381082048331
0.380667623353
0.364301437708
0.353448985515
0.309617392481
0.328991617913
0.354844491265
0.35003182829
0.349491835287
0.321867251968
0.348152696354
0.371647721335
0.359768671296
0.378342932427
0.385673073941
0.333712086158
0.342435296048
0.340459094739
0.359435118825
0.374906922271
0.389714899823
0.37643257657
0.34472123651
0.350430119277
0.396645375468
0.317122471667
0.36311183741
0.372861548058
0.364746630981
0.377928181305
0.364259484112
0.390278554833
0.39717295552
0.331471001339
0.353719936839
0.370232797782
0.354427155884
0.33700491526
0.383284629779
0.350709324962
0.37483199146
0.329211808224
0.373809361432
0.346363424005
0.355156708369
0.377830806048
0.381893664334
0.350148437525
0.367366700642
0.360816940937
0.328764456414
0.315015963135
0.355452057992
0.332113523983
0.3883456062
0.319612876675
0.369888809828
0.371948234869
0.382772638116
0.366060174419
0.367795410717
0.370927235021
0.374756483667
0.369081611679
0.333793989361
0.387721134286
0.408380136931
0.311732418711
0.336096973609
0.3827719347
0.355658597727
0.371209213697
0.362930711341
0.378539458932
0.369276584996
0.360736276079
0.402325407584
0.340497206721
0.335008220129
0.378910108238
0.330285443001
0.354467867871
0.353129886846
0.363474183069
0.383684233125
0.3420924278
0.337150992683
0.357120084166
0.325208152993
0.3732691686
0.341277681347
0.323814520457
0.337338245589
0.402758306002
0.356616079988
0.369504037988
0.375876305836
0.373106233683
0.353695295365
0.363277686081
0.33621817739
0.404268403088
0.33013834729
0.386191758246
0.366064040055
0.367122055427
0.346469681129
0.359647925203
0.391421061501
0.406653402129
0.3863830492
0.348181991462
0.338735341592
0.378401480256
0.401696979681
0.370742424547
0.410936587497
0.326487374049
0.364952924486
0.378110168219
0.363576316167
0.314394670649
0.366242623301
0.350333106228
0.390965956001
0.3327702363
0.362478093804
0.330154260486
0.32159757309
0.32114192426
0.36888783032
0.394814103501
0.365385149267
0.30906028427
0.346194740308
0.320740314798
0.376235026413
0.373381589959
0.356954321954
0.342741611789
0.351019244807
0.387694844545
0.316897827193
0.335027905774
0.362153423274
0.341200307265
0.376352564751
0.344658219781
0.347092664837
0.339858956218
0.393449012653
0.354292230193
0.369090895247
0.356958198439
0.384766192327
0.328296589414
0.358801387421
0.355703337635
0.362176500372
0.34722294642
0.336180962484
0.384177396018
0.326591135204
0.366328397414
0.371540551344
0.388592310955
0.369352894264
0.308320829755
0.363761080291
0.35478714191
0.388094251498
0.39544651621
0.391631874162
0.326302619575
0.315733058198
0.350484742848
0.336560859645
0.362144645016
0.353304025645
0.336720624808
0.373791832216
0.365529086331
0.354522765609
0.350178498214
0.329669566855
0.382797427656
0.341583321115
0.416301656074
0.34530374228
0.354764517063
0.379074018295
0.378067294432
0.280438449772
0.337106841049
0.36106899609
0.33133324412
0.420308150039
0.368578761501
0.358680913367
0.374038384686
0.373747844454
0.374550247322
0.352049674846
0.361601233271
0.336366834947
0.342316634598
0.351317630765
0.392305423303
0.344226730931
0.374195232244
0.385405570736
0.349408392283
0.355623217072
0.356481058515
0.346398045635
0.366363634121
0.357284870636
0.339456202116
0.347347836293
0.32356513514
0.39089666062
0.380924378577
0.393885688972
0.362489553873
0.331563073912
0.314682380945
0.355308241882
0.365572366619
0.374590895366
0.365430976075
0.351886964463
0.375682152828
0.332806466975
0.376550288573
0.357093439091
0.395337903525
0.357679754207
0.315382721038
0.345712907286
0.394277139286
0.391686740731
0.369539660558
0.354254036131
0.285961225452
0.325595024983
0.359160995915
0.384980684951
0.317079044138
0.363154818724
0.417577070992
0.356568860692
0.351004619005
0.334233973954
0.325725274973
0.361084321476
0.318158142536
0.36501697197
0.382783647026
0.390752021685
0.344652450393
0.365350422293
0.378422226231
0.352033758584
0.327682769699
0.362218254594
0.373653109804
0.383296937165
0.325679599018
0.338597042134
0.388909804503
0.336734831629
0.369143518754
0.335950831801
0.407884850631
0.400267289348
0.384222723113
0.307571380025
0.382323332001
0.405436539004
0.324352303019
0.360427754255
0.387136554218
0.355753810724
0.347722682875
0.3735516588
0.319001991301
0.355700220254
0.31976075863
0.386020390653
0.348576488348
0.353175641503
0.371324092353
0.363320795409
0.359449803052
0.336327518692
0.314123383773
0.362791142486
0.328744347949
0.37855484361
0.378379079968
0.350065740861
0.308518840812
0.372186799386
0.354445013855
0.359957835201
0.371899311002
0.325838844688
0.417445321626
0.342450394543
0.354875260697
0.329535954486
0.357848577248
0.344411570158
0.370641143901
0.354015230321
