Ridge Red-Wine-Ratio-Scores 
0.364522409183
0.413463867639
0.35589273032
0.323501117181
0.393462249017
0.277759121952
0.415219351296
0.367314985494
0.461423304959
0.311980806239
0.344637319252
0.404552981226
0.364912346365
0.392902193236
0.321726539789
0.387263553943
0.333825850159
0.38385679894
0.360176271206
0.311000358405
0.382075942196
0.385526818959
0.346107600777
0.323627233768
0.35514618548
0.272534682462
0.255557307894
0.335169263999
0.398523930781
0.30328031057
0.43985900846
0.362400334901
0.336020255427
0.318470845373
0.356364706478
0.395859254816
0.421695026225
0.335769320755
0.34208337881
0.42216817318
0.42114894737
0.372122756758
0.414883465671
0.315734021063
0.328578022757
0.337380786263
0.386643437788
0.38677751106
0.390861574097
0.400181004327
0.324313547644
0.233708923307
0.404668228025
0.447793325715
0.350052573328
0.286358814901
0.369117046391
0.368194784386
0.305833253215
0.342717586798
0.328440610113
0.412946998042
0.390632796685
0.390973127062
0.399870653958
0.363830225064
0.361108055421
0.386033212474
0.329319325328
0.400134243188
0.43022292376
0.361263649764
0.333474611127
0.396949543473
0.304054603299
0.348410246947
0.390686334175
0.354776208787
0.329387552389
0.40528432335
0.393655057948
0.337925540337
0.36214148738
0.399324935215
0.407829869537
0.384065377615
0.300988270281
0.264747949567
0.396554421035
0.367663783871
0.390098141451
0.31005087588
0.382846531252
0.360045420248
0.39993270243
0.408384746811
0.35825862927
0.363781109473
0.280264753872
0.323491783314
0.295147270178
0.322170388186
0.37326923148
0.309651044447
0.322513989031
0.393761521204
0.409197539306
0.377765870781
0.357451636885
0.331667315423
0.33041222574
0.312251652308
0.304240154883
0.368780942028
0.416371513416
0.372447062176
0.370346454271
0.367315132377
0.482354426065
0.390853433398
0.394568150946
0.374607322934
0.39578397312
0.392255865329
0.335170390333
0.402717959628
0.312305552146
0.358652213789
0.353431309656
0.409108753094
0.366241689781
0.385399684471
0.338594364092
0.302382201014
0.378738233896
0.383584133755
0.346416971723
0.318861760436
0.393660094937
0.404723697438
0.360719735779
0.312190300731
0.444421420226
0.395412745843
0.391637249447
0.342425766905
0.406539623587
0.386837756177
0.356427621415
0.393715712016
0.421354828328
0.353290759046
0.355433660161
0.413888065317
0.432269731089
0.393356598874
0.336998247574
0.377771407227
0.36384606996
0.36906226968
0.381381274237
0.436816876337
0.380884697873
0.415065336929
0.433475262996
0.37000196843
0.271496596503
0.387335800086
0.397366857889
0.413154593584
0.368512169798
0.373291403271
0.315782230251
0.285765396347
0.358336562625
0.365824507895
0.327664149665
0.376068404843
0.3384461445
0.321551902492
0.417662042699
0.296328924641
0.32746244374
0.389434199731
0.31038136827
0.392592511558
0.351950045169
0.398009687946
0.368103057158
0.30800573016
0.382977796252
0.366991686314
0.445581678935
0.391366118215
0.415347583855
0.399153171756
0.307150355954
0.397779248298
0.310978160188
0.351032479587
0.386651967491
0.385096163967
0.392800253377
0.34845758625
0.378604120503
0.375604867544
0.410341148678
0.39878001392
0.374575980106
0.409110461646
0.388490814849
0.392555332781
0.391593487853
0.41361276611
0.360855198023
0.35050424967
0.444985174663
0.408080420042
0.392381082506
0.27618565527
0.351837563604
0.383784278258
0.37901954936
0.325664013197
0.377982250689
0.383764746379
0.43366414734
0.344547225203
0.46212299148
0.321656881287
0.373823836197
0.325505153251
0.408705823269
0.370213343092
0.379671138584
0.359397637087
0.391203200286
0.325521474718
0.270384621444
0.446555157524
0.315569248938
0.396154683326
0.346302354839
0.364168653955
0.39973202869
0.349124476507
0.402511741174
0.290945405856
0.32662817363
0.392772830203
0.413710057821
0.416675592326
0.301385331267
0.377083957428
0.337581896011
0.363451279851
0.407318344607
0.407476374209
0.338617152173
0.363192339101
0.297848465263
0.436023442241
0.327758126432
0.327777843267
0.40552559603
0.352743575899
0.358858962753
0.383587217273
0.440787123316
0.353107796673
0.391467497081
0.333804732733
0.335061271235
0.340537854834
0.404053166265
0.418564305341
0.3506305601
0.402399421053
0.389176551539
0.331980010578
0.375129169101
0.398785635826
0.429001521915
0.349697903383
0.363676847873
0.323068387098
0.252794233839
0.435061850731
0.334417800325
0.336538564256
0.437484640653
0.344248553751
0.375553042215
0.329175204793
0.37150783586
0.366806687439
0.321212018978
0.42497503498
0.32899902451
0.343370751372
0.347130190695
0.352640592323
0.340248388085
0.368757299097
0.380060467747
0.402686455904
0.387178119119
0.362856070269
0.348530075415
0.381070075193
0.41026386869
0.269457173467
0.354570705342
0.402420598615
0.264135322709
0.302327393811
0.354812843617
0.399007946868
0.40883417677
0.33869533501
0.408943929551
0.415324110464
0.313667232526
0.359905740956
0.418450361459
0.381005282237
0.368782002608
0.35562530006
0.387253545132
0.449397443305
0.370960727202
0.355106894921
0.318385279121
0.40703130447
0.358871301686
0.351988139759
0.334839338729
0.370484119472
0.383466637352
0.426075543542
0.334688730721
0.396386175268
0.48340737595
0.304929184383
0.385401603492
0.302428398761
0.305208644401
0.349986484041
0.411772228132
0.411107229313
0.378314431528
0.390997567176
0.420810229975
0.395494491848
0.405022844791
0.325358872108
0.361895022863
0.368182844064
0.366090746909
0.382770396075
0.149501195317
0.391182340851
0.423018447287
0.310247944083
0.422848525669
0.375750009783
0.392313302416
0.406969629597
0.369559778379
0.26938263202
0.405422296711
0.404790042599
0.346646315969
0.396181848873
0.339389206742
0.382468623772
0.373807916162
0.344284786877
0.406175036511
0.313664058465
0.326759389533
0.330926077205
0.422375551376
0.432054623309
0.393713900925
0.447218052081
0.33855900849
0.444237938709
0.393952763783
0.430723974744
0.339557696513
0.325518396612
0.332957089423
0.396850423918
0.371753601917
0.385017967997
0.372823984965
0.41772888846
0.304233170272
0.33723904123
0.367719841591
0.370743249452
0.386904021621
0.408440383654
0.376906891485
0.328533034125
0.421329026484
0.267456213297
0.455037533603
0.383921118264
0.407708693445
0.409380101344
0.343684021328
0.347870770379
0.450022109521
0.356925718085
0.450035565834
0.382302208897
0.375086834071
0.397705749714
0.382072919409
0.405423948449
0.374821561542
0.331016359766
0.343571105347
0.429984022375
0.288015110955
0.420603556762
0.404003148873
0.380275277922
0.344597386288
0.351751835971
0.354757895706
0.359212625968
0.426835546108
0.3167736746
0.396780584057
0.396286319706
0.419855978215
0.339286312676
0.321082520454
0.405147438421
0.300591558557
0.303677377642
0.367569693862
0.382233516002
0.429982674735
0.3813929607
0.39336901208
0.401948854325
0.342749543951
0.354912678444
0.378674675869
0.360178849844
0.401991583341
0.394465000086
0.347543917136
0.375109280695
0.342296096959
0.341130103394
0.396371542199
0.422571536472
0.388194986829
0.355219574428
0.375099908844
0.297902256621
0.401473798524
0.378753078289
0.433686032805
0.401801575119
0.318319924531
0.420862345274
0.296620103822
0.384835073088
0.407136770437
0.339370765833
0.303736350516
0.310786371329
0.319557517025
0.342475173397
0.379094944715
0.309163762185
0.375572646393
0.340792791265
0.335816874995
0.321063751346
0.369686686793
0.341637203675
0.303462623295
0.396404392866
0.342131001174
0.390599630708
0.355216898114
0.467882620593
0.387068738671
0.410977503918
0.396539923358
0.344230177934
0.377568265787
0.33435317741
0.397065308101
0.372633763382
0.333137732306
0.421583659886
0.440771736662
0.312722608688
0.431930905842
0.36380416316
0.375180162713
0.306325234009
0.354487123138
0.365927325988
0.30576427289
0.367271929559
0.357789561077
0.324769134276
0.378399126605
0.351982054411
0.436365896198
0.430027140173
0.392049728499
0.37092339328
0.365998192183
0.397676380685
0.366173899774
0.362839575956
0.34401294798
0.320374573207
0.421434203036
0.364860316394
0.354301605086
0.339504512726
0.328937023544
0.303864709081
0.415803411772
0.394582453576
0.373162183912
0.33158330189
0.355776664103
0.325431082445
0.353162588027
0.384986995206
0.313041991877
0.378826336263
0.328468636361
0.409683623558
0.382795492757
0.350610581109
0.339854601454
0.315768218837
0.381022902967
0.385674871465
0.33120288713
0.400324132698
0.345946917635
0.307794579033
0.305189268871
0.307389327014
0.30609938442
0.294330959914
0.426976980581
0.364929095894
0.383090936308
0.381555820214
0.35758545028
0.35779739023
0.367177882701
0.382520788487
0.381030621887
0.37790313387
0.380345897684
0.372628881026
0.368898050466
0.441814138473
0.382220242792
0.343135849862
0.424176754407
0.355995876104
0.322982508198
0.452663735557
0.366320053339
0.427317968355
0.335998208887
0.35988103952
0.295941287524
0.273732535243
0.409793765751
0.344345536035
0.374996432892
0.340108369723
0.437391450957
0.380537802566
0.342952373682
0.233656077481
0.421575231519
0.269233457238
0.37059204632
0.388597377923
0.38128396344
0.355300079442
0.381604034541
0.384434223822
0.417934108566
0.305073559057
0.369798744808
0.400455408925
0.339769857945
0.352234397362
0.401537636066
0.362002650321
0.397585103317
0.446302554636
0.374498329759
0.367220591878
0.378467633922
0.294890852038
0.309686832322
0.389600676653
0.32297258045
0.398399558615
0.414451544263
0.332985638773
0.396416943924
0.375973827082
0.385512880732
0.382448525266
0.356931952402
0.328397287409
0.339244808579
0.435700418684
0.401150742246
0.316515781608
0.329360706476
0.327409746295
0.381782082937
0.444469687352
0.350991636904
0.359197520202
0.337733810024
0.389382725223
0.389214939007
0.385494904075
0.337073395698
0.308827200777
0.394430503824
0.318662845901
0.379120285235
0.368681601868
0.414891902435
0.383143273954
0.314316855048
0.404727472695
0.296586712908
0.327324468082
0.35781970293
0.437999957762
0.398440875538
0.284187495898
0.343703218771
0.317596352607
0.421758395172
0.368522169423
0.395025553222
0.358455830336
0.350621480473
0.369961405116
0.382376747348
0.342312065856
0.379226612783
0.373398126099
0.388029515166
0.337463383572
0.398048437794
0.360759226716
0.366014424698
0.386812406754
0.342082276157
0.418460441636
0.35620696777
0.323568426447
0.365032978948
0.387720178811
0.385474541191
0.357058774572
0.365327479114
0.422898641111
0.297961554584
0.401849143459
0.402230577409
0.357683915899
0.383389572701
0.321923089039
0.295228580508
0.373547470456
0.313645984083
0.349773388549
0.394721199773
0.393936364101
0.367674190994
0.336313832626
0.381586587892
0.370546670354
0.402641688986
0.396206086269
0.404515173037
0.329064183474
0.320831103328
0.314866393416
0.366995189668
0.371706328103
0.374625870445
0.322489298454
0.359702183388
0.368195348758
0.408359456583
0.332517069411
0.324574483907
0.433086800957
0.394251415158
0.297367841064
0.371571528297
0.433547540819
0.381947575574
0.35857911934
0.381484225509
0.313362456795
0.410271665535
0.368998115726
0.359063805264
0.31615949725
0.406704138446
0.376616322022
0.364512800665
0.35741535263
0.374428497605
0.398088358644
0.355641707743
0.322471593931
0.352222735303
0.389302098889
0.388724924801
0.375935980258
0.360077189273
0.363640145309
0.335025368418
0.398255227001
0.405519042421
0.36013993047
0.370625044785
0.34154092183
0.432414144263
0.403240173879
0.260264706472
0.346669289963
0.430779909774
0.294445579222
0.379142815217
0.396231946644
0.366695356993
0.369956208575
0.361223979537
0.38945667684
0.334651594325
0.392435163595
0.371532236869
0.333764127745
0.437922611798
0.420132287452
0.38377849923
0.354599553493
0.321944689558
0.362064309636
0.327923842098
0.381511142725
0.392130174697
0.334505822621
0.367105641502
0.361777201703
0.34770029229
0.377959235345
0.368811011499
0.400587672211
0.334260891036
0.315272408539
0.430707584422
0.390338126749
0.444375089959
0.332697542988
0.362354484472
0.352023100673
0.388160253433
0.384333979161
0.355905345479
0.333579475314
0.369872217738
0.344660674958
0.390814871455
0.235528340914
0.377323482247
0.262157478508
0.366779320508
0.355836259989
0.420037714032
0.376508100492
0.323583451278
0.313457916388
0.266886932121
0.40432992485
0.356851847535
0.408441851055
0.35217489795
0.398145314635
0.350460567464
0.385271318871
0.417188142267
0.399236782485
0.341365877892
0.355654506082
0.300108088247
0.311687248265
0.359568378813
0.456179827429
0.274354630844
0.43958317016
0.402269082539
0.396603303776
0.388037731702
0.4165122155
0.363720168604
0.370774839604
0.417747694062
0.360816551865
0.316420898353
0.292319876935
0.432701574762
0.382036803897
0.420504187532
0.31989147137
0.395534595327
0.396277244132
0.394843180153
0.401996437034
0.385992988272
0.27172132953
0.340035080288
0.370982234472
0.371574395883
0.357087495921
0.334465169289
0.341253827705
0.342954186992
0.395158651539
0.390364397103
0.426165420333
0.347753527942
0.380483592339
0.381297750934
0.386670361303
0.339330874123
0.445347186873
0.342072813195
0.344805357254
0.403925589863
0.294436278369
0.318586209454
0.3623166924
0.384281232331
0.394046380437
0.417498031572
0.413510296576
0.285593620473
0.377118271789
0.389064663372
0.34809116872
0.469648564215
0.345707069111
0.379382343747
0.311653209931
0.277960040444
0.400988771492
0.379344424459
0.41178428074
0.414600953402
0.360720920297
0.365401913323
0.34796879629
0.370092160707
0.409298011561
0.399427572816
0.372504284878
0.399911284511
0.335959698709
0.404281641207
0.320974321019
0.314682580648
0.372641890633
0.374000572503
0.444843827888
0.349891247025
0.379243769909
0.282254332423
0.300706944559
0.315139483734
0.40861241623
0.399570836039
0.356346667524
0.336461735877
0.285816978492
0.339749832751
0.331638133833
0.274449941288
0.330517121657
0.426680377727
0.355087220099
0.334032519828
0.331173061479
0.372579736137
0.370534745707
0.488717140667
0.376086742323
0.326243865099
0.371074175985
0.374584414317
0.376159121053
0.419076575356
0.322061087202
0.30399619325
0.339675224907
0.333856416883
0.392193690646
0.41509253231
0.312976875133
0.334423143647
0.348098153687
0.450878961439
0.329974315281
0.411489654609
0.36864210574
0.419757861138
0.349449007244
0.293240087113
0.336241085258
0.401700166538
0.395457017518
0.345144155097
0.360333717594
0.238371932345
0.309570047447
0.412816191212
0.375280946934
0.405740674772
0.362752042748
0.421058467271
0.320198929406
0.361188377382
0.427764054969
0.382671276741
0.411888206788
0.381177275195
0.465945663478
0.345902939296
0.318049026588
0.344363390047
0.365331818987
0.442194738094
0.351976144297
0.317045152288
0.353406893506
0.415732008287
0.319721713371
0.319576565631
0.342554271859
0.360554343692
0.401814371187
0.393658950141
0.39889917727
0.317535555013
0.36713285144
0.336823902377
0.367554705055
0.446845284836
0.343681989255
0.356269042517
0.374047047451
0.306395296465
0.427059718166
0.366941236372
0.39375120731
0.311178629501
0.397022987874
0.320096084091
0.39106221383
0.418010869201
0.352411890209
0.319879802399
0.345593188047
0.399732592285
0.332806259277
0.400462617286
0.374533782721
0.294223935896
0.328414049309
0.356507491697
0.397653297261
0.365851445526
0.389262405357
0.382215706305
0.354036960224
0.378055025258
0.391016263258
0.36355848021
0.411515275522
0.41155941648
0.436238260706
