Ridge White-Wine-Quads-Scores
0.22537039667
0.325015437056
0.353846340571
0.31613063901
0.287229138876
0.342759742872
0.218897264394
0.203262431521
0.209993164825
0.325728363575
0.343517654285
0.334198574528
0.348763256268
0.302668637552
0.338751756346
0.335186770689
-0.0863941653152
0.185247906064
0.193471824663
0.144246592859
0.152014699764
0.333279464177
0.317696951728
0.319663658007
0.292276175742
0.129991044798
0.342488076656
0.244561281889
0.322433862926
0.371344960722
0.324718306236
0.31427942416
0.328200352984
0.165415485885
0.324582628887
0.3493930615
0.362981537007
0.326884620274
0.356795631602
0.134647593504
0.082892483755
0.338896258974
0.339080011275
0.357913947158
0.119264517448
0.203868054414
0.147228207479
0.130394922828
0.36970900302
0.266347616406
0.247499310544
0.360404846961
0.213561504935
0.235276024915
0.345885004577
0.358551286621
0.183429199847
0.355387590239
0.152749036075
0.172236432047
0.167415352893
0.340800325966
0.0322028208265
0.336313995956
0.261401914497
0.306125354535
0.35819324741
0.319334590696
0.271967849855
0.388432693691
0.366901895257
0.195923762601
0.195552732426
0.344465906525
0.329756075287
0.238321961479
0.370450030897
0.137477586681
0.321952104855
0.33714382914
0.104968777921
0.353374529317
0.399961407869
0.286244285507
0.324772570218
0.165334323497
0.155381964471
0.306959521643
0.177708412663
0.109436322455
0.203881112188
0.31550016097
0.269916649846
0.372257302362
0.342045742402
0.204062010885
0.363821585987
0.332609799453
0.337660916636
0.0780895817802
0.296585354688
0.214712466872
0.354132115777
0.389356525661
0.340382699067
0.306643489397
0.0932743057703
0.154687740188
-0.0174930479364
0.354516659343
0.337782001007
0.0831481735406
0.360481153487
0.312837113705
0.170972215559
-0.00337657246821
0.377421762409
0.376636999513
0.319873338749
0.159913460109
0.309386076395
0.211134415889
0.3209043922
0.197874340154
0.0938856889412
0.364796533746
0.355657647228
0.205014339004
0.350174202897
0.152793739245
0.349181446408
0.370787397939
0.11491060008
0.382483565444
0.247761383169
0.229157430024
0.214886019463
0.36243960336
0.353968144437
0.277369648901
0.334994645143
0.376682819006
0.279939721476
0.180251749983
0.344953141077
0.174721830412
0.191566006718
0.340293951159
0.193848552209
0.348942888967
0.386563746621
0.0179676314283
0.36018966031
0.324853055929
0.380957287066
0.287732404729
0.324478867992
0.35355156963
0.167420790662
0.151037086761
0.336699188816
0.336137166251
0.335084825676
0.362405664627
0.103363634806
0.374058250188
0.345479184463
0.339771343821
0.18344119072
0.323748592915
0.327605464526
0.157820926362
0.338425824563
0.411317891855
0.0291144115048
0.316633289955
0.332642047577
0.14443239437
0.316344057727
0.217185435564
0.187455742698
0.158019083353
0.169165986274
0.186757075018
0.321282605929
0.356820512797
0.102775818562
0.36707601832
0.321434412165
0.337705263282
0.322586551548
0.335961903642
0.232960005777
0.346585296368
0.3601979964
0.355324823662
0.31098102032
0.363821481095
0.198213199314
0.188295082237
0.398342215161
0.33853394307
0.343379922689
0.143076244181
0.19472099981
0.0255284256099
0.280334059074
0.349280474797
0.1122129262
0.346830752164
0.382463128825
0.145214262143
0.33102789519
0.363676662046
0.296346025252
0.376424789592
0.382714831577
0.334902530596
0.19639009514
0.194909167612
0.331489141249
-0.0362389462008
0.326270145893
0.324946144959
0.340998256917
0.332891680817
0.375143949254
0.312314784584
0.153247930174
0.32754118599
0.162183559404
0.328294064453
0.333573769891
0.325688681611
0.292578671764
0.343751488286
0.00274882502806
0.363177163832
0.234208503776
0.347405108595
0.336805854405
0.326198825604
0.303829950623
0.319100982335
0.352701303062
0.194539008933
0.225051486681
0.332881613683
0.35077118292
0.31814861686
-0.0175737534047
0.37124392763
0.361280759213
0.3448461862
0.217924075783
0.373019290601
0.335815622821
0.275203834133
0.357404609713
0.322649203805
-0.044995052268
0.155154203433
0.316467319063
0.199641323565
-0.0777105498462
0.179060553251
0.326638635421
0.189623826135
0.302975729333
0.12771635951
0.294874267582
0.365337192379
0.338345326715
0.365884545477
0.341963558707
0.339065523688
0.330311610839
0.34580293595
0.348492868039
0.328037570767
0.137442127264
0.285473348491
0.318128681376
0.366641260021
0.337728042412
0.331684936495
0.222137212426
0.351849639277
0.334367995765
0.331126462225
0.105009867658
0.367674135496
0.33094259194
0.339267286828
0.366227580672
0.324876340163
0.332049719171
0.346120724635
0.346219393997
0.338512106628
0.158580232451
0.314383101732
0.0606891390389
0.201202768142
0.299609662633
0.331488311867
0.382809024526
0.369025234906
0.341249277672
0.354263949551
0.311675795169
0.348427887062
0.0314257316539
0.340756036798
0.159516424921
0.330817110418
0.292170497957
0.399052680837
0.333193407041
0.345231879959
0.158407623788
0.33770438908
0.35414453715
0.341682714537
0.35724655383
0.303400324271
0.329779228349
0.312115772996
0.332572137279
0.33893291976
0.259937788442
0.343800971286
0.10925732316
0.129173835511
0.140953781385
0.332697943289
0.332142812423
0.329896787111
0.403981749002
0.354551931428
0.191596859149
0.256398404637
0.312262568463
0.402567941914
0.0749782063505
0.0974766841623
0.138782942367
0.0919874355469
0.333062434163
0.0339973849531
0.306447042972
0.326076991081
0.34045066466
0.353402791475
0.321993499649
0.340717122073
0.341199377545
0.0907863758592
0.374117415847
0.345534560084
0.104858915151
0.300385082803
0.315714077455
0.317680248222
0.356440737514
0.334617315462
0.31618017163
0.166466357989
0.332150524559
0.135946803403
0.189326023556
0.340291312649
0.360529698284
0.125912637409
0.212186917985
0.354146808481
0.365644760837
0.120085431037
0.105374660812
0.357461129383
0.201626985467
0.381769004802
0.0417476748566
0.346125489751
0.00415608243274
0.142374305052
0.226373061889
0.330885317818
0.369401614092
0.330881678405
0.0866398496488
0.297015020676
0.376341463375
0.258677356968
0.114258020344
0.386745454537
0.311031223814
0.222825053402
0.293738466703
0.140636121354
0.338005382609
0.17626258265
0.30956285307
0.338498734687
0.340185132275
0.333286152876
0.350277283277
0.326329358282
0.364097792919
0.196068463503
0.361983057784
0.0755793854017
0.372986453082
0.305688649507
0.227929019947
0.110358887792
0.327757095082
0.184536989096
0.33810685471
0.322694112132
0.227070762
0.336579968923
0.381570347412
0.168341964698
0.341332796256
0.0254099552123
0.213062104329
0.340659417824
0.317112285373
0.155271134289
0.371006266011
0.331988219464
0.345268548709
0.33970219637
0.0327781004528
0.276613085179
0.341617112816
0.0509344985338
0.183411973513
0.319737441293
0.122120093669
0.314569962654
0.342424290716
0.329851358875
0.330013702233
0.231551628694
0.233540891361
0.312405041107
0.329259431802
0.347352042513
0.369610351276
0.184294806743
0.183146576269
0.220573794297
0.191746735905
0.0278861081447
0.203990589081
0.314586934988
0.363927604077
0.203268910602
0.0622665606588
0.338620234496
0.354421715979
0.194346855325
0.332730960668
0.264553816746
0.325943901617
0.292034024839
0.310559846186
0.184344431996
0.345461667734
0.348343067115
0.299840752534
0.246337096582
0.357442687257
0.321620784711
0.351001955266
0.0811348094064
0.0391158049275
0.371966703983
0.165079929863
0.134072005474
0.207107522937
0.35121430258
0.16664029217
0.248862626753
-0.0219010652875
0.144638767304
0.344765358738
0.359664611407
0.383050968631
0.320009785052
0.340939940174
0.320814289684
0.373837103448
0.308473818064
0.336273766146
0.186303471653
0.342109847631
0.167631885939
0.0689649772505
0.196427231645
0.23712903924
0.119172917603
0.300942329511
0.369728782342
0.169147429714
0.272392378384
-0.140107422453
0.365187495096
0.172729006828
0.209936388201
0.371895796724
-0.0468121444248
0.328437399147
0.352367971139
0.352475371237
0.339751340424
0.212939029861
0.377965766086
0.338636297774
0.296167123425
0.24663905252
0.122848661367
0.363269635401
-0.011873317983
0.129219480965
0.200775476678
0.34490569455
-0.164091935944
0.358053560193
0.183798019139
0.318450666803
0.300770451112
0.317642796143
0.283304578577
0.343941050713
0.119709045824
0.335302782773
0.313998741237
0.345962413902
0.208909542667
0.158674547225
0.120793022305
0.328449167484
0.341708164861
0.331766145235
0.36994274636
0.0690652195804
0.369591504293
0.36980426006
0.242170973237
0.350997761567
0.116319977824
0.184463777324
0.374353591303
0.421770326761
0.175817442555
0.207270272837
0.334882400125
0.325922789915
0.226333165378
0.316738650008
0.316398561082
0.123264726537
0.339304333169
0.345824142802
0.33942738998
0.322275236294
0.364153494043
0.184949177656
0.182673719235
0.340638177167
0.108027942012
0.355514331824
0.336805790112
0.401711930137
0.360927697707
0.317845179965
0.349152403148
0.319437148739
0.367874159134
0.140104226876
0.308358557942
0.325055544587
0.0464495021209
0.370545561655
0.217956051295
0.345654318179
0.314080396793
0.389805324168
0.21408022676
0.0424660221043
0.337230721271
0.235390486131
0.354610316597
0.342582974637
0.342498494967
0.144144144238
0.26050910697
0.34613112548
0.377502634967
0.381636308205
0.365893295923
0.123697658761
0.328488633946
0.250151303703
0.261079730137
0.323113276518
0.144092191909
0.372819867769
0.119729770584
0.194440422275
0.212782424227
0.343144852024
0.344240268118
0.385247331673
0.326690440667
0.345697131191
0.338216708501
0.356066072217
0.137125372074
0.345814280726
0.382042649977
0.117044181021
0.351051606646
0.0204677154663
0.340142109986
0.347604173871
0.349698589428
0.186298171287
0.126459187156
0.320115385466
0.352131613382
0.22855672477
0.317166553893
0.353014842976
0.315085666543
0.335493096315
0.337813095589
0.332123729446
0.364217542409
0.241643720676
0.380603875368
0.238436002898
0.172717679068
0.195496245717
0.354429790934
0.328110477805
0.355883316621
0.372312075487
0.167728886039
0.205008433833
0.166393770573
0.331272044833
0.352914221658
0.326013116592
0.354188939806
0.0748007848779
0.273038982577
0.35497353006
-0.024222670181
0.347840446112
0.10916311926
0.321885201925
0.359986406428
0.358445588469
0.353647439025
0.328907384278
0.213747914602
0.104901716086
0.34693229179
0.192065746035
0.357444386579
0.119464507251
0.314513505189
0.117448972123
0.342001612722
0.269362395065
0.196704789704
0.329608043932
0.342815868481
0.339102358781
0.28095833582
0.334713853629
0.316843187419
0.343532954383
0.150210564745
0.367653489988
0.171632601125
0.33350331113
0.322383479409
0.321442205551
0.352717400615
0.318690698851
0.366344734929
0.322487390762
0.187930735211
0.363168769973
0.321637585104
0.200870266826
0.359687724989
0.0821185700396
0.302386889417
0.168020589222
0.182316090347
0.327198522079
0.33729146021
0.327572565379
0.234954175441
0.331824535054
0.0180236614227
0.328929649102
0.27511733859
0.192774463757
0.333380021075
0.134583221916
0.349261903704
0.337514078269
0.368598485724
0.307156169037
0.35916683996
0.311709101307
0.354375767467
0.357834917727
0.327929181929
0.367512129549
0.220617361024
0.334196667044
0.348704939218
0.33799489772
0.34380637385
0.174536715691
0.20901598016
0.3468979325
0.00137109916716
0.229494989924
0.224019019781
0.345843420858
0.343809435574
0.338431384613
0.37502031891
0.347216498386
0.0422577676408
0.345520604804
0.17242912339
0.347719288959
0.369899980187
0.342610452101
0.327979811647
0.329599691638
0.315608062545
0.296871694656
0.375535322757
0.106477709695
0.338061422081
0.171233700136
0.260831621059
0.323037275501
0.383883760931
0.319446122203
0.110342008217
0.242458849606
0.336551511957
0.344063067535
0.34314713798
-0.00832645004419
0.323577903727
0.331481808628
0.194039603196
0.367807532675
0.32149461536
0.355148408759
0.173346388246
0.359271038912
0.189708132489
0.162922670264
0.330508135657
0.139221868656
0.365724917474
0.340853236677
0.0284317532015
0.343070148096
0.101404831327
0.321071662525
0.108464500469
0.356171596701
0.224873139107
0.217655144332
0.354653571339
0.0860286423797
0.309759490794
0.374145644441
0.203258819827
0.387662915318
0.216093260806
0.244329353907
0.321330560478
0.36265506662
0.361025010346
0.175572783892
0.188407575282
0.309606526855
0.360357153538
0.347588658223
0.301188194493
0.364370184081
0.333667905991
0.349877697578
-0.075409269265
0.32405129445
0.304679704254
0.34047583139
0.313232864766
0.347612180587
0.351046961621
0.353132925907
0.207570874806
0.338678374219
0.318365266957
0.209056607796
0.00737098608537
0.363852021253
0.335242725388
0.351810298659
0.314033386701
0.0297450445943
0.0572787478045
0.325545517579
0.322092116566
0.187206903862
0.208342004506
0.343787891741
0.3086256793
0.32423849989
0.353072000241
0.34321350181
0.389808109008
0.343529997327
0.317740292808
0.325207481565
0.151310845122
0.198729087287
0.163486191527
0.343086113459
0.345878227616
0.318455969141
0.126034592676
0.32977537735
0.332888632174
0.367695204387
0.166442664902
0.350284118738
0.346224794118
0.31796628742
0.349621934382
0.133027161568
0.333164341146
0.185427300483
0.314317711087
0.34808382776
0.193602407732
0.130286753573
0.0453675585606
0.307824114838
0.359152898938
0.351384290922
0.360951885772
0.327148215103
0.351542164178
0.340203514662
0.338401384432
0.324840193591
0.346751795453
0.204938054497
0.213878751162
0.345091177092
0.244522211971
0.350652428755
0.35013204101
0.3091280876
0.337388736502
0.0332662020247
0.174295198699
0.179006705958
0.121427531886
0.374323393777
0.210577806147
0.349811973928
-0.0679321936849
0.116965915915
0.356681430887
0.311847278244
0.383445503414
0.316159278043
0.178269489897
0.336482493174
0.134829939218
0.190479607438
0.371434326013
0.285914734314
0.183876888602
0.104942699027
0.326163607008
0.309958598949
0.172951647106
0.28180059083
0.383894528742
0.335500239569
0.309748208969
0.253430393381
0.191779109319
0.189447325161
0.332889779419
0.342446881103
0.336340976255
0.147556168451
0.332855937989
0.174713175055
0.308574822582
0.188736302796
0.143294850038
0.33992430346
0.205289488865
0.324284466731
0.345142484829
0.33439992687
0.32516950327
0.204014899024
0.327913213082
0.20070540945
0.298568135648
0.0346450893728
0.3429549142
0.29900717903
0.365356778187
0.323027962402
0.305566050449
0.335313521496
0.261848033194
0.371119388186
0.320930059617
0.189592520366
0.339875661772
0.245049977274
0.208533395349
0.216573261943
0.347946233772
0.0719447044035
0.309713431675
0.385962293123
0.326091132383
0.335670254471
0.330038600691
0.0939477657965
0.328191891247
0.196455562006
0.369865551461
0.326656352676
0.300341368753
0.244053346542
0.326209554066
0.323702523513
0.313867025646
0.382256219404
0.317339575943
0.156299497421
0.338430071
0.318015156566
-0.0077613881596
0.356920541237
0.333070580989
0.173191685165
0.343850192359
0.347447493255
0.131099761205
0.345624393162
0.227188364872
0.298878349045
0.304571399654
0.286806559344
0.365098726613
0.138397225509
0.349217983301
0.332178888117
0.343653171428
0.355187206099
0.331867287846
0.192041819234
0.331002609522
0.217448589677
0.0889193539349
0.105451778834
0.118752384866
0.087232718378
0.355104667674
0.309756782852
0.372342237494
0.373037088127
0.349189992949
0.00316998795118
0.0688556341368
0.166047044709
-0.0728877419617
0.349395449441
0.319660170945
0.344672942747
0.372789516551
0.311226008363
0.344526910048
