SGD White-Ratios-Scores
0.340162827829
0.245261307601
0.316726113128
0.350096105871
0.27158966966
0.281289139795
0.292444405563
0.318600204501
0.293669798946
0.333118509671
0.262491114862
0.328425972898
0.20794266399
0.252514793535
0.2763486019
0.233352061544
0.240760559624
0.248607446166
0.323695166864
0.330151032723
0.270535324026
0.347190648564
0.30442145793
0.275695659361
0.305329077257
0.297538010852
0.272069190381
0.243613925481
0.356348505474
0.308859186294
0.32107765715
0.272421107662
0.33398300893
0.288130872231
0.319506093024
0.205213227222
0.302402450249
0.305699059966
0.267575219298
0.307361341063
0.225551298441
0.315343701293
0.32937968823
0.277844613683
0.353030982159
0.286434121142
0.274772761396
0.279977778917
0.328878513723
0.352408727097
0.305913153774
0.336586214203
0.212129579602
0.349642928659
0.26539739967
0.327228037289
0.255324175399
0.343149368574
0.266097217928
0.294199614318
0.298588506081
0.346992072275
0.297439565776
0.296858361705
0.26307695118
0.3166841684
0.348154547435
0.304242801061
0.296805424057
0.326136947968
0.307463193931
0.256065906054
0.340688361404
0.294440000357
0.336926331572
0.306997341775
0.283199568025
0.292624299793
0.272756673676
0.207896299227
0.322607078642
0.316402611974
0.28151812733
0.3152044533
0.240002772633
0.326417464843
0.313937555982
0.340128638123
0.268629250932
0.256899002124
0.278702127005
0.314025122732
0.31395113502
0.267276887994
0.29500310681
0.315673324337
0.322662256749
0.314840113754
0.332163877214
0.319629036489
0.279084943918
0.227126156258
0.319195402255
0.354343221433
0.332565099019
0.319963740065
0.331817739708
0.325864921247
0.343728995231
0.346560637277
0.33957039928
0.318839003905
0.326752960231
0.284115217336
0.300706598156
0.24178054377
0.361385622414
0.304158401685
0.257174977071
0.305404186453
0.324706878084
0.336064340878
0.30826473741
0.340443587492
0.337501186553
0.309233004989
0.22388870298
0.289752243641
0.279115444475
0.280560984693
0.295362609896
0.27355124457
0.33058551658
0.289470618292
0.331210528914
0.322322481263
0.352304431956
0.238886736779
0.297531109935
0.267792596211
0.280214008565
0.276203576988
0.314108146137
0.34093213732
0.332198413862
0.292075968144
0.253283114079
0.314901057444
0.310149111815
0.327506730336
0.265669824388
0.296985475501
0.299745703929
0.336820208196
0.251955722393
0.271512764547
0.331829779625
0.171813484182
0.313213360875
0.249039576914
0.325724053672
0.283725921066
0.304948700293
0.305661228315
0.267192945277
0.293647668826
0.309994480051
0.318090417501
0.331179119129
0.323930694129
0.335323635821
0.276518398683
0.228244311761
0.23383645771
0.334265183405
0.32543270639
0.240596254792
0.275678239035
0.269362641152
0.337905752425
0.281340773057
0.30046964333
0.292471131656
0.263921050589
0.310488033361
0.291161930605
0.276577932044
0.279335606901
0.34014369519
0.318596029744
0.318738472526
0.304862947416
0.206041142157
0.238973740819
0.286265720509
0.225849561865
0.295874638898
0.344818032868
0.267656653564
0.302016197844
0.293923265076
0.285405050669
0.355254279769
0.299763285103
0.270810975551
0.328035958031
0.308807626476
0.286445306477
0.232463599978
0.346073075198
0.302292395849
0.326181068085
0.301221430701
0.324608057727
0.298231109965
0.318343157509
0.305860900089
0.283427422711
0.247973922717
0.29879402237
0.268706236221
0.265459196454
0.306761403094
0.33567368954
0.326556908859
0.269748771991
0.266133390171
0.321593083858
0.289616564166
0.290013533966
0.241693079963
0.282112454803
0.319515245727
0.291231409154
0.287588505344
0.330753587098
0.32708937137
0.296301349796
0.266587187917
0.255118909694
0.334146551981
0.304121242454
0.329358022782
0.23977681048
0.273011054523
0.324018569764
0.313919645303
0.244742816937
0.363298761377
0.328806159356
0.210363682085
0.301239537022
0.305732806003
0.30044381415
0.317925675308
0.265702643445
0.301134487715
0.265202501516
0.289021290257
0.318158991068
0.289563468555
0.326989714982
0.24281016026
0.355280696172
0.266918092384
0.335624356244
0.336007814726
0.33956960271
0.307923260989
0.285249232716
0.287528559713
0.308253993913
0.3008960143
0.306439080305
0.326231121257
0.327904511485
0.354791921846
0.130251906738
0.303429033045
0.348846529842
0.310069478697
0.241377474716
0.247048381725
0.303720557093
0.2918488511
0.308416935616
0.304400845358
0.329202148156
0.301871689902
0.326193237931
0.261552356788
0.290560830858
0.309268976534
0.24095939109
0.277962790036
0.280033010731
0.3654861002
0.328665588573
0.292416986489
0.305371392117
0.272799590687
0.285312966902
0.308476661308
0.29786937897
0.300038486454
0.346497568114
0.305208406197
0.333747506773
0.303494693193
0.313286964833
0.278984966238
0.332229718693
0.307971484245
0.29656569083
0.323337160444
0.336985290312
0.313249928026
0.194025367473
0.264007234162
0.253965682631
0.249393176834
0.286014088885
0.321377894839
0.294126149593
0.2717338553
0.277790604905
0.292918531919
0.382286125922
0.326237839973
0.310715184082
0.303700152905
0.353606354114
0.309333192813
0.307584420678
0.293864147166
0.253684433974
0.322925921281
0.365240632581
0.318227570099
0.304681866171
0.340529573597
0.303014611027
0.339377789687
0.333430736619
0.310939553997
0.305734973101
0.286032417206
0.255285136941
0.298559351356
0.303326888418
0.306933161262
0.32782650654
0.298539546658
0.350993372826
0.303587514558
0.262789168773
0.320003035962
0.285809517118
0.260991071418
0.32140291526
0.309588835112
0.309315238033
0.291265245188
0.308956607224
0.309833106685
0.275547390385
0.316299704196
0.323627949356
0.359113032254
0.265187790621
0.267260328615
0.305084936121
0.228079812258
0.315478889157
0.228342241804
0.318316261311
0.284768952271
0.296808833808
0.272763255005
0.299995558766
0.317565290797
0.283539474032
0.251378618264
0.279359857003
0.293943462807
0.329941927552
0.314120738747
0.347763180335
0.31200101926
0.326439669939
0.311158980945
0.239828992273
0.279140335683
0.275300189956
0.312785401013
0.335434761304
0.348509401772
0.307250190941
0.2943723728
0.248085453085
0.260247636876
0.263180360175
0.248422719034
0.313933346451
0.325786598063
0.328317426854
0.320638072074
0.24493806296
0.325648028063
0.338424257479
0.3057025559
0.274766566757
0.276807981
0.331942663904
0.338142735849
0.279938627808
0.272001590159
0.261984160087
0.357322298282
0.170422828442
0.325846103364
0.285132670206
0.308852438758
0.26998895012
0.317839740252
0.232027288365
0.32821030501
0.26772991842
0.34641900359
0.321575481059
0.359339587731
0.26728993458
0.309468935147
0.287523101442
0.29594913676
0.324640996214
0.316286512472
0.335162238359
0.340662138878
0.282120838703
0.221948696475
0.22264289498
0.307323725257
0.304962720751
0.291435188018
0.284269999377
0.31494425947
0.313437930422
0.341576773225
0.243785361673
0.255422687284
0.372240928907
0.345788361786
0.255730104521
0.29626526018
0.308465749788
0.304593879981
0.26905003846
0.226138056027
0.248427640823
0.252084809902
0.267921084807
0.320025694451
0.274927370567
0.277925140398
0.334090470801
0.221818851479
0.34707217072
0.297754907319
0.33748789419
0.284608932844
0.332510201709
0.29222260459
0.259491229745
0.315056484615
0.275434951016
0.295054062256
0.293045221285
0.308163973795
0.259252330386
0.303979625158
0.319525939851
0.298524129927
0.319024827732
0.330648071325
0.323485892755
0.180005286165
0.325521927341
0.261575680807
0.273759062777
0.266166095626
0.315717399194
0.312487700603
0.227985230994
0.321892577118
0.237281671193
0.293644079758
0.278885479281
0.293569686096
0.261408835556
0.319599625193
0.273880839449
0.307242579297
0.368558895961
0.288324186993
0.299199389182
0.273871950417
0.326753599473
0.276489889029
0.350089266814
0.34615730193
0.312084794437
0.288192996712
0.246531881934
0.282468264787
0.322294634381
0.3390298521
0.261707559917
0.308583946817
0.281404161441
0.337784449487
0.341723923625
0.276604901677
0.310680611008
0.238500922428
0.323141483879
0.298968287475
0.313289360375
0.279177978861
0.314684015762
0.323594432427
0.279458977732
0.296975843882
0.274334331977
0.189607728374
0.304942832087
0.268292374388
0.300261908265
0.272316142962
0.309997812245
0.275829378791
0.289249124886
0.291010965983
0.357577620659
0.306092585239
0.292622111133
0.31018163168
0.352212030634
0.30935973829
0.326955762888
0.293674217129
0.281213456583
0.328463901697
0.278064346106
0.28778304751
0.323973508607
0.297734609482
0.316153665022
0.311208568309
0.284262584631
0.319151146928
0.368982653225
0.330772717124
0.340112537984
0.279260881321
0.331846513325
0.324832087297
0.277746145987
0.332174441789
0.304818916439
0.252029751926
0.203788619024
0.303351883653
0.287655327227
0.310669446871
0.293726192589
0.319038501978
0.276812292934
0.307002122786
0.270993702008
0.332478382268
0.355088705315
0.261371171434
0.283223103282
0.274669293467
0.31112740696
0.307723591783
0.331690559278
0.26946864897
0.203820185758
0.263355654021
0.339310743647
0.29208600549
0.284802374287
0.31272703047
0.278952432799
0.305318992193
0.340087848309
0.309339962832
0.243188219132
0.246704629562
0.289280970478
0.306071011907
0.327883026962
0.293249629246
0.326440263611
0.334249870338
0.31258444673
0.288021258568
0.298118884365
0.306543980637
0.301863672763
0.345213421397
0.348861381768
0.31616668032
0.274561631683
0.301537752963
0.23905800343
0.280832860108
0.280352738103
0.248215832279
0.29141893402
0.294405662359
0.329281368833
0.24427279022
0.314039683998
0.332394077725
0.299971147075
0.253061109119
0.265823704287
0.29660155346
0.261791688324
0.223685440873
0.281465218941
0.26847894216
0.322680444147
0.317632893092
0.257667087705
0.33827044415
0.31284249093
0.191047612244
0.25938990724
0.350556689975
0.285462442775
0.294541453175
0.316849335206
0.305771116353
0.27970090938
0.222162842354
0.358146917189
0.288559094316
0.3301489096
0.283059256337
0.315818629696
0.32750641138
0.329260192537
0.249762428952
0.258090814165
0.336067223319
0.314833775325
0.311283321084
0.283697629205
0.310625208601
0.305579550788
0.338228878337
0.286215023455
0.292016558053
0.307979361896
0.291878167056
0.311149237641
0.316294445582
0.277481458799
0.243139584185
0.280850478393
0.290447516153
0.268493468694
0.285474117371
0.234950290826
0.271660649018
0.3526275876
0.353858212844
0.35156140591
0.306057629677
0.329722279674
0.283360222261
0.309797010511
0.29644922755
0.233764523374
0.291524534233
0.299577638022
0.272564437448
0.303514444086
0.293042333861
0.26500865329
0.299972764258
0.334650842976
0.304343168405
0.348762058219
0.282738225161
0.330844049321
0.312311148505
0.290536584961
0.285919570186
0.342041979745
0.273833394631
0.309082114912
0.322470311174
0.290226552274
0.302037980007
0.286734806919
0.337127317287
0.222784073615
0.25261011721
0.274334006216
0.294226644157
0.303509451645
0.318620072447
0.307282722492
0.329388242609
0.334368706036
0.323099201612
0.355222658684
0.301733457552
0.299316401742
0.293904560281
0.276329314332
0.258373849431
0.292103533592
0.32687796443
0.306601861443
0.270365648218
0.348838356812
0.266482715498
0.226790404101
0.291241566043
0.304581139164
0.283497137182
0.31199153446
0.31014189307
0.214070634971
0.299210970359
0.31275191475
0.300880875073
0.16752104735
0.305503920727
0.288418976887
0.279156898938
0.272417557038
0.254652024491
0.208534106527
0.29215246706
0.30280344818
0.295744973247
0.29377809397
0.287857777828
0.298296021473
0.287128717172
0.27875556318
0.291025617177
0.317847547942
0.290193921145
0.224350131986
0.27942397273
0.311135079521
0.266123019551
0.15773235624
0.279171533331
0.285616228918
0.349969149297
0.331487586753
0.328542844679
0.302920037496
0.314654806999
0.319262801904
0.28453278854
0.268693125997
0.261514449827
0.343037145617
0.316475775546
0.326866053961
0.341088207807
0.318384571846
0.294144411333
0.238109830289
0.299042947639
0.297505416662
0.343443447859
0.306498597451
0.218035717873
0.308697021024
0.34144332407
0.219641711086
0.267806299255
0.251813003911
0.281133886109
0.240886471671
0.312099375536
0.289035358699
0.285715475015
0.321644324597
0.333856210867
0.317143618423
0.312491896517
0.262741421793
0.295193347048
0.245834481348
0.329640801632
0.3074197229
0.263425812907
0.344203460837
0.282391703628
0.275647050619
0.298214662217
0.331646747498
0.296040700904
0.354170261254
0.295869170668
0.262302484901
0.306763812227
0.29938517833
0.292664030558
0.301901588946
0.327925211868
0.334253918106
0.265448324602
0.34549847275
0.387773033177
0.293976518812
0.305813082155
0.353870044919
0.211079813944
0.271327386161
0.339196515263
0.264522316292
0.315685393079
0.289942476675
0.346584554075
0.245092685447
0.295745963043
0.28773923087
0.285394918827
0.277365321353
0.312718538682
0.337321524746
0.307053303041
0.265584854989
0.326141299964
0.301043924198
0.231332875455
0.365197010631
0.230562133803
0.330631711156
0.247818684691
0.307726564918
0.314832436789
0.280191011962
0.175456493621
0.261459094002
0.272710720394
0.339086250718
0.354117329628
0.297180381495
0.321193634216
0.314600479894
0.312897223624
0.291716107278
0.337784926254
0.275882990058
0.303547142614
0.338847797106
0.330535486818
0.299646133409
0.281396470552
0.283490476234
0.249268154022
0.329518856451
0.269947282357
0.318558201282
0.295646254566
0.312808942826
0.330554641118
0.282276783615
0.310199865302
0.283521528635
0.268498023995
0.323837237253
0.132374981954
0.323410087048
0.271607770444
0.324070094581
0.329411030994
0.298445896518
0.27386788678
0.297044520968
0.344941462484
0.346454302321
0.302837645383
0.328484706737
0.280479084337
0.280121354861
0.248466339564
0.295406151091
0.318274705483
0.319459543272
0.333034916983
0.34119835453
0.305652474342
0.336133993826
0.320369507406
0.337431176466
0.266337908233
0.327861565697
0.323340926328
0.274793501667
0.309547275494
0.338522359928
0.306391062827
0.316434498682
0.302575206443
0.334910013131
0.313804615168
0.291685315481
0.338636015111
0.33151044356
0.352827729613
0.271460245649
0.315142282949
0.331193586289
0.295760164396
0.311501919569
0.309113132378
0.244946346252
0.307961426826
0.31184678952
0.266740579259
0.320970000532
0.327293271115
0.320261086253
0.317857326572
0.272944814772
0.268458965124
0.28819890701
0.289163623036
0.169397867715
0.335707686623
0.316648817406
0.332815774637
0.269891609122
0.337020333703
0.297785442628
0.246755907847
0.330240392327
0.228259015218
0.322924443376
0.352973150188
0.311769889594
0.321373727472
0.367912760299
0.314040663252
0.296743799104
0.326318503777
0.314292468948
0.27547257011
0.226337697528
0.328015412492
0.234527765464
0.32590919662
0.276778168013
0.267954150821
0.329463675803
0.328756251932
0.301556231663
0.290419248929
0.336831449559
0.341311488699
0.261397148128
0.32913908729
0.326049276766
0.283303369291
0.289003632607
0.266078010933
0.266346836017
0.357941528666
0.264145381839
0.305886058944
0.294615200772
0.366548998661
0.31253915919
0.267724571383
0.271879608275
0.265251459292
0.276814634333
0.26779074925
0.317396330419
0.328825916702
0.305811717808
0.314785001729
0.317162560491
0.268312011583
0.293768316723
0.272075585301
0.317799908156
0.300326873063
0.354653066964
0.253747554454
0.24405527027
0.263941011413
0.320039716203
0.242678759073
0.247595628986
