SGD Red-Quads-Scores
0.362202439137
0.351061754646
0.26349666589
0.414222336147
0.308499775016
0.258926433427
0.320724747685
0.319675816503
0.342665875456
0.350405146433
0.346857878466
0.334069767253
0.363617667475
0.292564145596
0.320364056386
0.290879635814
0.33319233103
0.238553505212
0.26467146808
0.412494888159
0.416021700981
0.424423686513
0.357524381968
0.310726656525
0.365970390414
0.238350575408
0.204722062255
0.261312018457
0.337156342439
0.334716423935
0.362150996246
0.281481476433
0.278555124135
0.360101627235
0.42376979876
0.234788653426
0.285938656267
0.343705151552
0.402865221406
0.386323835794
0.35627264863
0.310271933192
0.308388706212
0.254057056047
0.245168467238
0.279752526197
0.406131846338
0.302421776976
0.283347580665
0.410949678284
0.282249039385
0.344789725758
0.318052922986
0.405764801399
0.364617704582
0.230164011136
0.249169139006
0.334854263851
0.350094259732
0.371844348147
0.381353183474
0.420822009307
0.406401753934
0.328869200526
0.320619626794
0.400288578846
0.364540208837
0.295961423265
0.391665534716
0.332567417872
0.3341160906
0.386146816931
0.299072978063
0.228646453133
0.335352506098
0.338668190494
0.411649251677
0.203472453586
0.340025378499
0.379052603913
0.425736383775
0.435125924136
0.325693334361
0.354137155346
0.397219622163
0.318001633352
0.368297485428
0.3687178374
0.349475928584
0.310333125155
0.380593123759
0.374463131557
0.452199264192
0.107127655114
0.344941859272
0.30445780314
0.31394394924
0.326208093012
0.33474406212
0.341156028956
0.293609355363
0.345091676862
0.358510376665
0.337093363547
0.264457640388
0.357788013877
0.369794641738
0.209722971473
0.346536612277
0.378722590662
0.320945252993
0.47224839966
0.35839974699
0.287442861931
0.312938043576
0.333952611558
0.383278869763
0.330299777525
0.300009982664
0.335571363503
0.374344146371
0.293182679182
0.347778665401
0.230488282708
0.423543623838
0.351676371673
0.341887553616
0.286931713375
0.290685174872
0.406964375488
0.319667984489
0.372686184738
0.399234972461
0.298399014269
0.322072948107
0.368436199479
0.39741068924
0.370826295642
0.351073053874
0.208245271774
0.298846288218
0.343470908793
0.30062176118
0.335744316986
0.359462721208
0.272478519223
0.360649943643
0.301656277328
0.371222427279
0.352222414233
0.36399930461
0.36648469227
0.430603840313
0.326332649177
0.370909668964
0.264541400206
0.426515770971
0.346182728408
0.320871876389
0.351083768442
0.301943403759
0.4284827496
0.413545475415
0.312326394848
0.36090454312
0.335092312654
0.398050931589
0.302898593177
0.388437391257
0.353946294719
0.376299108143
0.371073409552
0.337680437507
0.339429930676
0.245699381452
0.375785060635
0.259577616766
0.332449616577
0.326864196593
0.32105641689
0.409341931438
0.325544963804
0.326172481805
0.371894029651
0.321551642503
0.315890109331
0.318605722504
0.354527109903
0.327983920967
0.349044420097
0.330642791395
0.34698881294
0.407168346249
0.266856178381
0.319419406562
0.355947364353
0.242066728387
0.288980260543
0.272181391212
0.293249569574
0.335800629001
0.32827711361
0.365739488824
0.356327748371
0.325058950373
0.351579628983
0.404424613683
0.28555409711
0.364679256409
0.341551575953
0.346970542883
0.346645541052
0.40482272623
0.28994293203
0.415228887873
0.223991971658
0.3752766825
0.239718157746
0.380226825484
0.351431050358
0.342897012859
0.425297759931
0.339721549064
0.273951584467
0.312038375373
0.368435543498
0.340786382117
0.360047274599
0.215740460017
0.301108062291
0.391812301411
0.344201944577
0.342230187897
0.348885012718
0.433873890398
0.351173656978
0.318955559304
0.360800692459
0.346147180241
0.3687996535
0.343599577918
0.321000243416
0.367228196448
0.397806275092
0.368964711743
0.333802206146
0.365887399351
0.327031401902
0.309988071097
0.45128369076
0.223884656599
0.357582054116
0.382777826895
0.352999035216
0.375039601527
0.336836511517
0.320752778155
0.252462529331
0.370756656498
0.390329128378
0.355887913139
0.354429054003
0.329361780937
0.284235692686
0.317770552472
0.364617138755
0.391919657359
0.358986528003
0.401227029431
0.390291600893
0.393247360773
0.335225172299
0.188078590199
0.308298687976
0.301641434673
0.265642936406
0.266512020074
0.317449369785
0.31396021852
0.398578603927
0.41046890084
0.269317738769
0.34910303786
0.333924082276
0.339197028278
0.348079581842
0.347180636763
0.401016734989
0.445961488233
0.315167073118
0.383511379631
0.374754030373
0.305228880546
0.338668732597
0.397748684016
0.30421480946
0.347649246721
0.346855023535
0.302552667796
0.356042379887
0.378354777551
0.338203679636
0.349119324055
0.231086343198
0.31953818859
0.411563945718
0.293526376665
0.376722431326
0.389310202833
0.343855739939
0.29954659301
0.288396976452
0.381176333315
0.388610778707
0.359036738522
0.368239328411
0.361874829984
0.284324940874
0.367677464764
0.369776282569
0.248759807559
0.340482625229
0.344501745538
0.359389367368
0.348999064633
0.358953932012
0.335387803058
0.351161316518
0.367564679925
0.350987573967
0.370215517211
0.331240591768
0.227700765413
0.332696436713
0.408340202085
0.409591794125
0.329636654716
0.32358448525
0.297413310411
0.421040161877
0.395085202745
0.360357487808
0.338633871373
0.31929702917
0.325149338101
0.342243350121
0.357586349237
0.436807174542
0.368229381957
0.3441614103
0.34140826616
0.378674995804
0.33101969388
0.379572811531
0.250138316641
0.332692289337
0.19216223637
0.305127027297
0.187049445033
0.30550680822
0.264623188266
0.314833317105
0.364113668784
0.389972962518
0.306477502381
0.318629905953
0.289546708248
0.238680770098
0.297046183322
0.329399817935
0.406495465702
0.392647561723
0.321431707945
0.333525538676
0.287753804011
0.379491904531
0.354700686296
0.34843128437
0.387690778711
0.328474226122
0.367653417461
0.406453804131
0.268112571844
0.363583256277
0.316841637211
0.296816147993
0.361807796437
0.324078453181
0.389582737065
0.346649485719
0.405288655765
0.381311352395
0.340231318245
0.314510264754
0.310935168858
0.383022349962
0.328533357608
0.314873524766
0.371447730911
0.372669906546
0.313941054798
0.384209940688
0.359294561592
0.241758855079
0.354098245321
0.116870624563
0.412098802547
0.351454214629
0.357532216685
0.350828111167
0.313631944433
0.439433543128
0.430490654108
0.35564874571
0.369823446128
0.402325943261
0.329485849961
0.332706257315
0.343796655865
0.362591238073
0.317694142402
0.316966495118
0.276790378909
0.294299023983
0.299607413703
0.164601567897
0.369903924285
0.342627863761
0.392186650977
0.37508531327
0.300133486149
0.354061140899
0.242987341458
0.369678792314
0.351693222034
0.356245241043
0.403472416931
0.369408841965
0.385310828735
0.365272809052
0.261368881543
0.353801196536
0.326527925446
0.299387849126
0.297561976393
0.344139612115
0.410087979629
0.347671616175
0.375137484157
0.407315099017
0.390432074514
0.299791323228
0.327169166163
0.308636243842
0.347681363071
0.235293293919
0.332923468463
0.382520584096
0.367124087064
0.377726868745
0.291603750181
0.435850880192
0.454974508022
0.356971679361
0.351982958114
0.232422948528
0.327542589637
0.335500198776
0.353792809962
0.364293341723
0.329397645098
0.325731005443
0.335971535122
0.27855773678
0.294450244284
0.419520422613
0.369888354571
0.254531680485
0.388468638168
0.385927078481
0.393868755254
0.333196593474
0.390661659202
0.288120604029
0.384152422395
0.24841942858
0.452321458405
0.374681578553
0.344157796854
0.346042693179
0.329680911783
0.316959907024
0.367192057987
0.272882054879
0.352266548888
0.366982522306
0.292751929552
0.319791417476
0.357180731587
0.41307122772
0.382216550592
0.356355221577
0.309943746201
0.321370362559
0.395828204034
0.358059070767
0.258622228602
0.240244774872
0.333284660779
0.360286279549
0.34252886256
0.331641852685
0.292571781569
0.319543809882
0.293823313179
0.34896009021
0.382920661342
0.400366279727
0.265495245358
0.281265827193
0.359197781776
0.266502030422
0.35782020922
0.325739870533
0.38575051756
0.391266986804
0.336544649236
0.355121158819
0.323470790455
0.332502021044
0.369625112271
0.364425212031
0.318875259106
0.373577507583
0.361761643236
0.382747980301
0.349499526836
0.314725165972
0.332909537932
0.306039812785
0.319250046207
0.342723659922
0.27568611135
0.343654923352
0.352664677795
0.323836996097
0.394122529216
0.327971957061
0.324316208316
0.366665109512
0.335272440091
0.259082329063
0.369691962166
0.37514472581
0.374210339079
0.323382229019
0.38726477147
0.297879723215
0.384810244513
0.394582804482
0.342881700441
0.360392427752
0.217582808786
0.359855597119
0.200003309301
0.342742848232
0.367718724279
0.355286172555
0.364964516029
0.320848792109
0.318416302379
0.307410237663
0.374696496168
0.319054915568
0.317745284342
0.347104244794
0.277092524861
0.311957856317
0.380201240362
0.28221263761
0.343921100528
0.293548084743
0.355317879206
0.337274328679
0.335418747775
0.343190527623
0.231295403759
0.363787634096
0.298008955036
0.318918241555
0.321775649251
0.27189016747
0.26020613954
0.353695208852
0.331067334989
0.321848171947
0.364551205468
0.344865712906
0.362582645927
0.385956658074
0.346859187494
0.373766218384
0.311368199968
0.254335450169
0.27703709293
0.296152023722
0.384181743384
0.345255252121
0.366351143128
0.30759039847
0.353742080931
0.366539664175
0.371680234363
0.341772075428
0.399583245996
0.331748289937
0.322095426503
0.423763175108
0.383697237137
0.317214560294
0.363695009304
0.398430951861
0.27778194952
0.278830005627
0.288412612644
0.347068448709
0.330364639832
0.31045675932
0.365938413756
0.311252124094
0.413731456195
0.295568647814
0.266898535071
0.345820379006
0.239947808387
0.370846539221
0.356462698848
0.321989844041
0.378413776478
0.318646983362
0.148690300203
0.399113157244
0.448533381707
0.422255638811
0.399165868397
0.275494352445
0.369214123607
0.36235358588
0.328597396313
0.293397346488
0.187233262859
0.350739998353
0.304662232978
0.366863541783
0.284077225294
0.398547105696
0.385857657963
0.340826781647
0.327253283541
0.381169384279
0.261649410779
0.311754585322
0.343568636434
0.312473077654
0.276297559105
0.409291758993
0.328788561824
0.344796414343
0.395381319042
0.33876316665
0.309652503961
0.385055574991
0.430918281943
0.342694417945
0.357843944323
0.339175208436
0.323109211145
0.374384904822
0.245218870774
0.236214291741
0.410245163924
0.373871957453
0.316460872401
0.335237999225
0.321249904927
0.354126910588
0.380924057481
0.298212092947
0.33140115444
0.3150785738
0.3167808007
0.342785405302
0.420880769187
0.306050078099
0.395455039184
0.239651408431
0.326208781072
0.352805938918
0.354134202969
0.406349729416
0.232640029934
0.329403720986
0.338462337018
0.317301723737
0.305959433351
0.40032698144
0.367786473216
0.373392147755
0.344187234442
0.302334659158
0.29164057952
0.295600736926
0.316342680513
0.236853698683
0.344487737403
0.381757396629
0.360298925075
0.344346781051
0.32644789486
0.321874778256
0.371395870254
0.330664791566
0.3104840601
0.307677445638
0.358530384238
0.282690777223
0.385717104175
0.34129574801
0.391203189317
0.221987343698
0.337969430442
0.415359505874
0.30394565407
0.259389116725
0.340952857844
0.339732169421
0.332278146279
0.388120837705
0.385927641804
0.330186986836
0.387943009261
0.324641264059
0.375680802943
0.419229752092
0.332783372091
0.402535566247
0.371544592163
0.355559477328
0.309483729154
0.402990437515
0.376050500771
0.323676763286
0.341953314088
0.358076940646
0.360593602858
0.350527206994
0.407747134732
0.359756508781
0.330447748991
0.24844207053
0.394874298634
0.318822743324
0.41470603645
0.31590434542
0.336339048274
0.304636696258
0.346924966227
0.208712458403
0.319454397417
0.359212333071
0.300408887447
0.315744535394
0.345391819557
0.345903991205
0.348834292903
0.317867582188
0.384175834189
0.359327859318
0.309870925546
0.299766060424
0.346029362058
0.463552029544
0.3402067779
0.363646082823
0.360434214899
0.378506932278
0.341968984022
0.30817034257
0.365306956154
0.372402658598
0.341750580427
0.318493992769
0.341058927358
0.314393604494
0.356422021305
0.356025271013
0.344544689873
0.385730455899
0.343190800553
0.352255634873
0.347529011658
0.349237416654
0.238816127607
0.299003424575
0.342332111207
0.203911930198
0.332178322904
0.302188854734
0.346921124331
0.348169029257
0.393461603322
0.314914579451
0.331541314715
0.299803737953
0.302691566361
0.392033810153
0.394414441218
0.354743632646
0.300908380714
0.394859514865
0.354262184888
0.397363132482
0.271050859516
0.312395276359
0.36616511874
0.305957512224
0.264694496707
0.344896540028
0.353110958988
0.37038313701
0.390616511281
0.292792449331
0.351363892827
0.363451357811
0.29163883775
0.304004812597
0.403013717595
0.381623846931
0.323389867571
0.399841953922
0.287696179284
0.298249124118
0.38722573029
0.36305572859
0.43168284743
0.415148794275
0.352857722063
0.388520484129
0.307504158538
0.350233504869
0.374695683109
0.37187960569
0.277563773911
0.345108911468
0.28322741568
0.38812460292
0.415280462105
0.351832823186
0.275157850164
0.171232648664
0.377918995826
0.348091893978
0.314700034912
0.293312580984
0.368757397079
0.367112774737
0.373909646122
0.419330004574
0.374555905738
0.264712756213
0.356011474734
0.333740737243
0.273380673762
0.41194527591
0.386369919245
0.359895333336
0.368688348187
0.36904539574
0.35804163724
0.338461098959
0.403081330157
0.152836480654
0.338001396898
0.266020533843
0.373323043766
0.250445593707
0.349141408678
0.367738417442
0.385207358126
0.286660673518
0.370209460817
0.421293415985
0.330420523081
0.0784579796426
0.291814690577
0.269848130662
0.376815036743
0.34995644045
0.411621581601
0.416581111914
0.3703670679
0.325873362205
0.397702783192
0.396520751352
0.319276715085
0.422639725494
0.406885117834
0.457359362388
0.405151468284
0.338270899131
0.417462818017
0.367826772157
0.339792414001
0.380446817946
0.342009660262
0.295119495422
0.373347441035
0.317232424955
0.388708810197
0.381994482941
0.311350570737
0.36267735954
0.33915674242
0.296585355349
0.337249629935
0.296795571031
0.318839550055
0.343100107101
0.335910265798
0.243582173464
0.360348377675
0.369431515601
0.324488782861
0.336220420042
0.390331331249
0.299183323168
0.30494948028
0.362838256592
0.322096720861
0.272118950023
0.318636798131
0.407608370158
0.450853368778
0.384457012095
0.399947722497
0.351912076884
0.414438050831
0.402871562061
0.32690053998
0.341114864386
0.332953454139
0.362589168238
0.407192331009
0.423681824186
0.325787531412
0.388538910389
0.187692682807
0.425739979093
0.348759019381
0.339514673013
0.358213037255
0.332787737616
0.432354213102
0.343208468962
0.424563920824
0.326338368026
0.34850541654
0.240752774385
0.38129191483
0.371877844846
0.296467671856
0.341532301076
0.37860536809
0.361040536779
0.360707993914
0.352754139039
0.353912383641
0.266381892404
0.384059716232
0.332858121214
0.311760282293
0.349296531034
0.243438217269
0.325174400031
0.374688117707
0.312739159138
0.396861238229
0.295935218955
0.275191441627
0.336122862017
0.32296607325
0.324273906286
0.315985412005
0.400802156696
0.369360907272
0.35425131875
0.299363329723
0.352258996898
0.418919357166
0.353149320347
0.316750599204
0.318031996469
0.151925357933
0.349488809807
0.365635299675
0.305330734666
0.276692094789
0.279009665762
0.309958048887
0.344607588428
