SGD Red-Ratio-Scores
0.294832064152
0.348463716116
0.300719633633
0.330402148465
0.344217267364
0.338983012377
0.283781601319
0.312704197776
0.328355974382
0.300156248471
0.41482634386
0.406574362104
0.385717309097
0.369526095093
0.391926413918
0.332877308514
0.262352254169
0.395687956184
0.386915278099
0.331981292373
0.38067878853
0.358960727661
0.291333692853
0.276904997335
0.313944897443
0.388214971084
0.130186678322
0.323628118658
0.374683650421
0.266198714202
0.305723713404
0.388183977519
0.394096083357
0.355411952447
0.392520876556
0.362224028849
0.321255228248
0.366866815983
0.326458858157
0.359374416374
0.298200228613
0.276290044637
0.340453053582
0.341466914258
0.364834804712
0.275209699459
0.296083292781
0.362563910526
0.339846945441
0.325048667549
0.233352876578
0.339304339428
0.355987493458
0.332848805752
0.353357850984
0.318909674141
0.366577549449
0.355342662144
0.365245743021
0.276184733395
0.315901101035
0.355471483128
0.368561994884
0.233598893528
0.380253351314
0.329677747973
0.306593111707
0.266728464908
0.252682756454
0.309888961947
0.393711724092
0.33856400169
0.288975189212
0.328173970255
0.306885449058
0.277021785285
0.309338612506
0.283003747331
0.299000759012
0.120937650798
0.319384325973
0.370537457445
0.31651265896
0.383576654995
0.361721904504
0.380149953244
0.364122717479
0.385522828767
0.349224542233
0.287017474022
0.405752453209
0.372652505638
0.390750907963
0.364384227827
0.321236643631
0.376704872692
0.333416063248
0.271997367922
0.344331321015
0.346281365351
0.342557533342
0.342142350001
0.3483237635
0.360229537342
0.190768769163
0.353845078269
0.24118824418
0.303453453164
0.388423534623
0.355616511733
0.349941161913
0.350956896941
0.278102871591
0.302692394159
0.355579351272
0.309086865723
0.304544253725
0.252346924044
0.209049890294
0.40890631202
0.309690127628
0.313068415456
0.205022194563
0.352111501291
0.31063676697
0.299299744277
0.331791959267
0.349146058864
0.339326263736
0.321081344137
0.276026596172
0.323983363875
0.387156700799
0.375534471207
0.301823006225
0.297617061277
0.349904848637
0.241082329003
0.31160412761
0.340456058641
0.356094806044
0.379078301694
0.298594319916
0.301525046922
0.428841113105
0.357938611007
0.338754951457
0.357478673196
0.298784400146
0.40627926609
0.305916814849
0.271109589304
0.306109038917
0.304550598535
0.404796205683
0.360534829722
0.234583294111
0.363498256375
0.436924147663
0.328644930481
0.251189102811
0.272371125452
0.347145181116
0.237627336004
0.278627454083
0.289724938445
0.345378058456
0.300786913674
0.315213277286
0.299293231788
0.287527408136
0.338365171223
0.277881321415
0.332687604736
0.354286551721
0.396788131993
0.394467228548
0.229137038517
0.272566988069
0.388254992679
0.284141778289
0.309652493764
0.294839790645
0.330956993851
0.310066040731
0.351470402258
0.316525453169
0.35908941046
0.39291351141
0.228017283735
0.325798064866
0.286505764034
0.316710069214
0.385227901589
0.290428747232
0.328171812606
0.325433421698
0.341229608599
0.430869621821
0.308465938416
0.271613031896
0.393205915895
0.338040769318
0.394073870257
0.338403480821
0.284539095463
0.368610218626
0.356357590902
0.290498981107
0.394645485084
0.367426272364
0.255897231572
0.316293450324
0.300438639319
0.126916729017
0.333133026928
0.289586017457
0.323509339692
0.311979888083
0.390241496717
0.364970128527
0.264551985895
0.332583121981
0.269878239903
0.22966214512
0.323288212461
0.28650060902
0.369530228835
0.330357112255
0.363884561853
0.336560253717
0.2393275099
0.354336998719
0.337145830325
0.231402959096
0.363867064576
0.315959784684
0.315543685271
0.384769457826
0.338277404552
0.357639621839
0.336197444656
0.305957276421
0.293843648988
0.362289974576
0.381621543808
0.30928628415
0.317629788289
0.312297526328
0.321251592959
0.369220326428
0.351892227757
0.287560148235
0.413325843766
0.194977440163
0.219551764582
0.294398337546
0.368008968342
0.325363531738
0.377295748868
0.322540012052
0.331210192376
0.301705876276
0.326193549156
0.348969015117
0.359309618938
0.307651636496
0.340452757397
0.313206271844
0.382052478873
0.373664105865
0.339048207248
0.375276690606
0.342538280879
0.297992588767
0.335025018873
0.368635962467
0.334850445757
0.296432363168
0.344785495701
0.324228974593
0.270960839421
0.376934002407
0.281630384692
0.367818646914
0.368015018477
0.390534469811
0.340036035541
0.32356246447
0.303539691021
0.345237773363
0.367354448872
0.257224281315
0.362821284761
0.317652237304
0.351050758682
0.325612977495
0.37093999967
0.27999397688
0.365935457751
0.351038234407
0.291836011611
0.378749204506
0.233626236715
0.34423599425
0.366568098389
0.306251726856
0.360594228247
0.244304758987
0.250669785212
0.276194582816
0.255583603947
0.37626619764
0.302892528024
0.414402281799
0.373872572206
0.314937413512
0.373202686779
0.359432868267
0.315988860277
0.232516674773
0.349019159331
0.246019165062
0.344360320744
0.363463263731
0.333480805181
0.356901818419
0.321067615263
0.33891505983
0.356920452044
0.329488133152
0.324663989339
0.29065658336
0.339364735259
0.394611982908
0.336817164636
0.41690183474
0.204686810764
0.283575516709
0.272836596878
0.296744507607
0.291614797889
0.265129325209
0.327866179033
0.309219849946
0.300021569095
0.322495939909
0.282071589365
0.427330040369
0.401571257823
0.324329412699
0.323627248237
0.183962363415
0.393023101685
0.350797059724
0.365934863643
0.31944062613
0.350627088791
0.3319577935
0.418608189531
0.28037114082
0.346695277382
0.290434456611
0.313512529123
0.329451798433
0.212099664902
0.306791037377
0.390971957671
0.304157224717
0.31111375679
0.250711270834
0.371413052409
0.324195311237
0.152391075031
0.289337467679
0.371266357072
0.300417401415
0.263623874168
0.297812899824
0.311912157013
0.326056480097
0.369263957324
0.253748170118
0.317573783714
0.370621704773
0.320439504818
0.375876404569
0.235375939659
0.296034313897
0.31664737817
0.294549731946
0.375887016404
0.327050713025
0.32320805035
0.317062067754
0.290996710261
0.413004212368
0.41494986282
0.294318494117
0.350070254484
0.23867620729
0.31745538606
0.381278444355
0.267461052089
0.300879212077
0.371807924553
0.292355300465
0.317748342622
0.296751504024
0.303033554278
0.397806727599
0.3360928809
0.32176034761
0.402168956219
0.356092589895
0.311978486351
0.305941107115
0.324510917888
0.288434964249
0.340402803552
0.254627663062
0.410669648293
0.298348665611
0.281807361022
0.365540959218
0.361867219459
0.34013993317
0.351377630652
0.183056197234
0.338812675286
0.354621982136
0.288935520201
0.3578553708
0.307039021142
0.207407263169
0.240219498858
0.416924479584
0.364926131249
0.311724060528
0.273764752667
0.278099416191
0.329835984529
0.391460393145
0.400283003579
0.232141308546
0.256441458137
0.350138586339
0.310623407136
0.310094946723
0.277079432102
0.442343365251
0.359485548973
0.361111328057
0.310262530374
0.377603294887
0.31305021093
0.365801977098
0.295298764145
0.404208477957
0.458145268607
0.359466618275
0.376866860909
0.375867460645
0.227574618556
0.29654799414
0.302437710984
0.350818857758
0.346323781896
0.331054114671
0.346983479662
0.298856919781
0.345568023653
0.315085165645
0.3530218616
0.408244312809
0.363660711763
0.370201502124
0.337628393546
0.139931330088
0.409948235183
0.323939136798
0.324802065145
0.339848229108
0.317624499408
0.265546545922
0.274726238967
0.229293496187
0.375540037685
0.365706532714
0.340616379344
0.360937981092
0.335544768284
0.284435021612
0.349796616232
0.304268435488
0.367990857333
0.419956215987
0.239503202347
0.336106353461
0.372393270066
0.371126880404
0.330990073729
0.37563072936
0.142827396845
0.338196191517
0.368572691269
0.312137779965
0.351153286158
0.277205670056
0.369033077263
0.280348602961
0.385372166227
0.331948601367
0.351798317535
0.31695701879
0.341369791177
0.346095155519
0.2884061708
0.349262952319
0.362716691964
0.378475001072
0.297896301113
0.368946232488
0.36507131563
0.308538981971
0.320098050354
0.354648631598
0.265525868692
0.398275032208
0.295614751637
0.214682258181
0.274985947103
0.368821577258
0.281640640503
0.366756844965
0.344268683462
0.241677398708
0.321307568381
0.328041902275
0.302950611599
0.342886518827
0.292507764401
0.325304020756
0.379620156985
0.2795710454
0.288958207983
0.320596043384
0.351376861014
0.330673190337
0.329347097703
0.361713427781
0.30538026585
0.37547582101
0.318258085982
0.354837839679
0.31614955746
0.390126812498
0.324933380415
0.285606420406
0.301382366321
0.345852936018
0.361413546223
0.20492385578
0.302015477135
0.374055103335
0.296105599528
0.416072879536
0.358952750669
0.358110392568
0.313797285729
0.341159176738
0.215522321887
0.138826867544
0.397175016947
0.363707969273
0.32583540797
0.238329399974
0.316808214807
0.365867836551
0.386036803616
0.370399205989
0.301056975512
0.314037151193
0.35313118575
0.288142618128
0.32982353614
0.326380040696
0.271266519524
0.284159557157
0.27399717163
0.333433790488
0.362026560404
0.142620257433
0.407851510933
0.273874690582
0.40506485624
0.33726168983
0.316361066738
0.366045400934
0.342300480719
0.330422757777
0.235259971499
0.372273606869
0.252619834738
0.367333616219
0.271159290424
0.376581897534
0.261781380796
0.265536357465
0.308473768175
0.305134540353
0.392839782748
0.283432105847
0.329730712199
0.232369862192
0.351140276215
0.303043108475
0.310238693034
0.314469908733
0.382868809597
0.34774666858
0.34986375944
0.383081703746
0.361916183933
0.334396002357
0.370178405922
0.341241393734
0.379725547182
0.353158492243
0.334820762603
0.300940478726
0.410006192348
0.313647836332
0.317836834664
0.382510299034
0.337137292921
0.205225213145
0.305207688761
0.314142208379
0.240755466905
0.426360748616
0.296123414097
0.307065330957
0.358814257933
0.356584875939
0.266641790928
0.31601431683
0.262953407017
0.305976593169
0.344363357003
0.397419535518
0.371074670693
0.302980327943
0.324005361304
0.340091968876
0.353935583912
0.34228631408
0.327786805009
0.334780432673
0.27732961399
0.32832173659
0.38485180456
0.322067183195
0.347950984026
0.364241993235
0.264069473157
0.322573946656
0.321952006265
0.31875192961
0.369504344487
0.247008274271
0.289972548816
0.370437616501
0.293237388236
0.381595227275
0.360049869107
0.267962072049
0.318711435918
0.32265842814
0.344159385016
0.221795790522
0.361537623897
0.369723250337
0.325378758209
0.328483933243
0.280292420428
0.25419421049
0.292813123752
0.326596752967
0.417639723099
0.32658389476
0.327399283039
0.382049060222
0.304323582463
0.400377006714
0.22636615047
0.325697451604
0.316011264782
0.356858225917
0.373522429253
0.310216850458
0.391398537952
0.348716341658
0.278011422951
0.285930445829
0.235240959059
0.27322411345
0.212113972525
0.314668150228
0.308302168382
0.360663113141
0.331222710523
0.320821370421
0.433170036418
0.406021649853
0.323238711029
0.376533503395
0.360353419264
0.33937586247
0.307317590438
0.308343797885
0.326707239239
0.296529463043
0.392391430847
0.295242780795
0.393912932418
0.341142256559
0.312603305009
0.294206629102
0.380217980169
0.290302416387
0.326765990236
0.330260309545
0.325331854718
0.316901332849
0.300204979109
0.281542645709
0.255569073552
0.313742721492
0.323328905284
0.399109067341
0.359921740442
0.400183376785
0.331629312628
0.269937645887
0.38923943621
0.336358666438
0.409097777153
0.309238671978
0.357903742349
0.359521508097
0.330817733009
0.364494257319
0.350106533883
0.273520489873
0.331747818615
0.385391459619
0.250659252213
0.37280530074
0.355168617325
0.344065758776
0.36807001516
0.297792290981
0.321670495798
0.392354045058
0.389606502766
0.269411009808
0.314732852401
0.350518101788
0.268116834299
0.275221214433
0.365313085756
0.208737451433
0.318528893042
0.297001546737
0.348876750149
0.351847149496
0.34379753399
0.412098043579
0.302822671169
0.322011395843
0.322873550946
0.333907896201
0.367312113978
0.322296604416
0.403428869239
0.293214538787
0.396051190115
0.278414418188
0.30187041699
0.292615880564
0.330495225932
0.279829091626
0.331816608661
0.39712660971
0.304270385921
0.367380423242
0.362585195336
0.29191119546
0.316192622896
0.410438126741
0.395163941327
0.25554775598
0.380502724349
0.389176912805
0.298657880325
0.355816775102
0.42390732949
0.314658708377
0.275508746119
0.324863425396
0.339429147662
0.321676935799
0.34907288062
0.325389655866
0.326462991332
0.328009815761
0.321805021622
0.376972490519
0.314184453602
0.361580770965
0.26630879383
0.360023829767
0.318295574376
0.330510220015
0.270215093095
0.356990002406
0.3014470253
0.399510941002
0.318026022047
0.427629408746
0.335247443225
0.35481149009
0.380749504471
0.395731650057
0.326216238137
0.314156594407
0.365041515911
0.397237732846
0.285483656258
0.335828164148
0.279783005939
0.236630291199
0.354252310389
0.319348976962
0.233199741152
0.216443449599
0.380756321975
0.314590650127
0.332879797615
0.305725243777
0.260961160668
0.309025009656
0.303788636013
0.3134738455
0.350886243135
0.295551344373
0.26384837745
0.390507796986
0.34716971314
0.392329199603
0.435745907917
0.320068723286
0.274931591512
0.294847629978
0.269160749465
0.290571597388
0.306462499249
0.329956092503
0.37262564914
0.354643620587
0.326294551446
0.303409574405
0.297516751686
0.327682832789
0.438241900131
0.236159018903
0.381192429823
0.301305016115
0.347394254065
0.343677944546
0.406105150787
0.357080850487
0.369743683241
0.321301846833
0.315445193918
0.266314351896
0.434516200797
0.375801678358
0.208688823441
0.411661772235
0.359077496878
0.280412962593
0.366713776396
0.42365414374
0.344006633096
0.351486634776
0.30247233854
0.322687005343
0.336715590522
0.303547852544
0.272504053656
0.346665089419
0.389877850397
0.336138503179
0.424140038472
0.362160431499
0.279839531821
0.34073780448
0.24749603557
0.248030588894
0.255592469825
0.31206848853
0.265346587509
0.323505781473
0.372460304557
0.302450269377
0.395122256659
0.387011732806
0.235220214366
0.372812494582
0.39084236049
0.377255692031
0.401899743863
0.286122181476
0.398250451502
0.293803874722
0.256786645089
0.314946141266
0.25130574178
0.377910711724
0.352861393824
0.312021047423
0.316070439834
0.355305159855
0.385999934387
0.250853731201
0.3426385054
0.337468008616
0.322208277242
0.350412939854
0.219079485386
0.371796059252
0.244067428842
0.36468560889
0.359648176646
0.333958184719
0.348640728002
0.316485692536
0.346636361017
0.358075404366
0.296146530578
0.323182642347
0.350554110243
0.376092314023
0.306790862215
0.34824959268
0.22854278695
0.226783361028
0.252575242701
0.306106365334
0.386161967633
0.358178495224
0.364125141572
0.267357605518
0.321716009072
0.342997737759
0.326894944143
0.291148458544
0.354512191383
0.359993086786
0.289296749674
0.273467223898
0.362253219837
0.32381977491
0.408243681387
0.36894473542
0.332690179994
0.329136672002
0.394191147341
0.401462923584
0.27012806908
0.373862258032
0.346914372794
0.358723529369
0.357012874911
0.327690143846
0.354087724191
0.330155043077
0.318385055673
0.296181657455
0.343979450955
0.298899654229
0.324877502497
0.30716464718
0.391452498963
0.349322475468
0.36348105604
0.327688062217
0.267307849997
0.350475881657
0.332914486251
0.337351617091
0.290678134634
0.345649905587
0.241312456231
0.425702141653
0.379483620953
0.332247989508
0.328985520566
