SGD White-Ratio+Quads-Scores
0.0908493439809
0.272410488146
0.221688388112
0.310685240883
0.298749262343
0.272818479258
0.284085817574
0.247253363801
0.325643653828
0.286032412361
0.319240595833
0.250295761987
0.16315865504
0.171314077715
0.288308224869
0.253667197266
0.261594325161
0.339247095382
0.294906437639
0.254237055329
0.293530955274
0.243558514486
0.256604905324
0.274763640903
0.266472413872
0.302195064974
0.196548327931
0.365584633089
0.23494607722
0.200322437559
0.371623056326
0.327078687078
0.345795531365
0.281857761768
0.360884107121
0.317419574558
0.310615768108
0.331264589457
0.333377671649
0.305839722147
0.278391818624
0.224620458989
0.304691738957
0.284100720517
0.322579123292
0.280773142861
0.257446779937
0.272630748876
0.248662777581
0.265623869009
0.269880535051
0.326368492425
0.30053695943
0.326186651476
0.292619435672
0.32101472357
0.255387457682
0.211186842608
0.33214351612
0.27336277717
0.251426024448
0.195111574868
0.365837984408
0.238252381396
0.357027927843
0.299145465479
0.231710026165
0.320788400011
0.28457947187
0.334517025346
0.250859258186
0.261899187255
0.294424944724
0.27911803318
0.318976989985
0.220473295676
0.269533439335
0.287693786746
0.276083379535
0.3223369767
0.316753958753
0.294938550277
0.243172378154
0.312170619731
0.212101305785
0.242486826048
0.34481147987
0.337971167585
0.334102841746
0.288015106071
0.208962672911
0.306513583995
0.241530513127
0.300829409949
0.310130498992
0.276101908874
0.307516542283
0.352518266963
0.28026502527
0.30853264339
0.263972506659
0.334710945051
0.196407992937
0.282557395515
0.291111941408
0.302694667578
0.254431496564
0.274465309327
0.279711607679
0.297231272369
0.16551186095
0.266662142053
0.287785410765
0.264565092959
0.198420339335
0.224206294754
0.267249767024
0.309065053059
0.340477452398
0.32402262317
0.296686511564
0.261976251345
0.279157949142
0.29870819041
0.188836382733
0.292116460274
0.224852801086
0.250185670326
0.275957464508
0.309742490524
0.299165872476
0.300208966141
0.302798241247
0.342099571778
0.343859017947
0.340152478435
0.292991423619
0.339490653605
0.216956534736
0.302129391587
0.330602953509
0.312108106104
0.360680772655
0.277974560221
0.323610418345
0.31527774344
0.338533918224
0.246955920177
0.208884530479
0.260563666538
0.34940740976
0.290395251922
0.263716512561
0.333281165483
0.284790453641
0.234557352895
0.302404924163
0.260844374837
0.300570273446
0.288672131366
0.332351744321
0.274730112976
0.255650753985
0.312498528121
0.277365952556
0.280668264014
0.318685381667
0.123606513116
0.305668434336
0.294240143723
0.278712437489
0.303608325719
0.248545418179
0.280802882351
0.315423057114
0.303995637474
0.264454822387
0.27219772665
0.34852527343
0.208360726525
0.337866176261
0.294516574201
0.269675774936
0.284628942618
0.216977320003
0.288138650524
0.231279066095
0.244314314451
0.258206518677
0.334372213098
0.289522038526
0.257982692568
0.345245155788
0.283915060606
0.298234046694
0.285808344695
0.285858543016
0.240511188789
0.227160945939
0.274905083324
0.256738858897
0.294988943416
0.246002576895
0.30482264012
0.28895578305
0.30669686833
0.332328010026
0.296953598939
0.208221786676
0.32390322096
0.320562016041
0.25524097052
0.20940626608
0.312719439736
0.314797157394
0.247005480002
0.281498838362
0.294339008229
0.284075963219
0.269137269905
0.327503313615
0.27537616684
0.229175324548
0.306585240255
0.262339556225
0.275379094674
0.337240910175
0.281404371041
0.353804596393
0.281767156322
0.289460904485
0.251565850506
0.316799254597
0.324225336436
0.274241973716
0.325950774185
0.304893810828
0.314172788266
0.327590807307
0.272362666044
0.302477538464
0.268950279679
0.186726960255
0.240865105287
0.284222044464
0.227804715496
0.320749252551
-0.0175307776246
0.168313258107
0.232696928093
0.300096722786
0.26711107661
0.264380797582
0.241615176461
0.320440587555
0.271421953822
0.335816199329
0.331590016895
0.247545656253
0.28853770515
0.295826705043
0.278554297615
0.264389215747
0.267050958453
0.378882520341
0.348057535386
0.252002375349
0.276044157069
0.299962364388
0.248858113387
0.224097253258
0.277710642603
0.327091473987
0.265330429041
0.324116096798
0.211105878783
0.24501505279
0.321258607615
0.266100988952
0.315262962299
0.290565396065
0.326908946647
0.298473441282
0.287508469327
0.289674439511
0.274792038387
0.285821268987
0.25684024242
0.190897292326
0.255864500951
0.236903656672
0.261050878566
0.189954772968
0.355132950015
0.275140316341
0.284624562371
0.364140821881
0.187570319383
0.267387224409
0.272266083146
0.374730008618
0.311682503904
0.33853982425
0.277502246307
0.23287140635
0.256061091353
0.27075496741
0.334351981547
0.246539371227
0.279307588314
0.268242192843
0.294919432698
0.261813026181
0.346554630716
0.265652377697
0.313079195327
0.189514494391
0.274948539917
0.331046031104
0.273826847313
0.301670854369
0.280495449906
0.330790848599
0.296366217615
0.20729813422
0.277158455278
0.307450416543
0.270628826334
0.317256865261
0.274295555887
0.289867817746
0.210178899473
0.22193035263
0.324111700322
0.334976669857
0.146133948675
0.316744120681
0.297475192772
0.323593824957
0.322891735613
0.336702873352
0.224409799307
0.2658526693
0.315264206601
0.307458378247
0.305465682502
0.308302349404
0.254222056143
0.306432255223
0.291592652991
0.29402567663
0.308023380581
0.302559462128
0.28740827304
0.272017036053
0.344106918553
0.26428052688
0.319837442858
0.328599563353
0.289365377493
0.202138321725
0.176850289693
0.311558981852
0.234092805441
0.235315053515
0.352409519158
0.258071209426
0.30500347605
0.293673476329
0.365876155822
0.282587437959
0.318803131168
0.339762852374
0.276761604845
0.292505483327
0.243772824176
0.262782383853
0.284134095609
0.338062473694
0.281978438856
0.300848421401
0.198756253196
0.293047004495
0.261207564063
0.269423270534
0.312344106667
0.272869592066
0.251057452101
0.253564914947
0.235088216556
0.278570683073
0.265114296034
0.249830851519
0.287083408551
0.343592842821
0.30675095926
0.241575075007
0.350080133717
0.209528230679
0.267097070558
0.330764504036
0.36588648309
0.282917089244
0.220252439703
0.246860608237
0.257823972617
0.281722718374
0.287246875706
0.350469307302
0.19213272154
0.122633976952
0.356320537974
0.316343160614
0.343392462432
0.25044571439
0.339689927345
0.264656355308
0.25610435087
0.256763970862
0.289884048876
0.169250916304
0.285179340562
0.326889407804
0.206435571401
0.326108884119
0.302470464086
0.106029216358
0.339198634793
0.292249539727
0.274134269438
0.352524804707
0.290713014307
0.289458829297
0.290796291604
0.330130337303
0.258618090471
0.328539269213
0.30760614394
0.31426386013
0.292528663258
0.275674929359
0.286755812955
0.210291028458
0.250221421289
0.328313430949
0.363022027315
0.246235173126
0.229900493415
0.263425395797
0.324970303386
0.267648912365
0.318473994113
0.350408307759
0.283176608313
0.290120659654
0.317741852874
0.315425669018
0.366342123448
0.284237456382
0.306220886378
0.103850756591
0.292868498976
0.248248118597
0.308345140845
0.253172646086
0.318459012698
0.246218057575
0.281891946473
0.282528011072
0.329870613016
0.310405268306
0.298336982665
0.261451585582
0.315152774106
0.176065767492
0.289565988529
0.326632880461
0.256332371583
0.339596045079
0.307428738696
0.310264351541
0.333093712553
0.265353200668
0.313394121648
0.27049831689
0.260736744346
0.309192458017
0.310145940277
0.274414157851
0.223953846311
0.298047300184
0.295752052455
0.335138118087
0.239906745972
0.237397867447
0.331020759273
0.30285970251
0.102504886409
0.329605909929
0.301229768088
0.305848838266
0.294670873929
0.180262930441
0.297036641185
0.262986750826
0.230855831901
0.291624746226
0.288723983591
0.321667179333
0.325666767438
0.234145491456
0.258939439758
0.335026767851
0.297638874707
0.307701404233
0.24935689996
0.198133275204
0.27557805639
0.265484978712
0.337682575511
0.259818469242
0.342414752002
0.31892828113
0.3191412728
0.228051762865
0.308559718091
0.254910010708
0.230951938287
0.285633858049
0.338533140931
0.293340883998
0.256775147844
0.26367671465
0.289309769834
0.268097536869
0.223928844691
0.313364100658
0.325495702951
0.245715278314
0.192522568117
0.303717130225
0.333055680463
0.294732309495
0.279067341868
0.293334196403
0.296423990665
0.322491536079
0.284268532436
0.319841692783
0.25354541476
0.322053028877
0.274282949354
0.342125895918
0.223732653095
0.295753567778
0.301986489813
0.390741187385
0.235955777091
0.281179257522
0.325736528057
0.299877341943
0.275053236397
0.337336229248
0.332427147841
0.282553709906
0.298934217549
0.296577827518
0.291193381587
0.315253285397
0.317876786917
0.228628595457
0.287470078098
0.300886197894
0.261938522598
0.315656206718
0.330466642821
0.316269222814
0.257994669012
0.322296366176
0.284867913746
0.190862517741
0.326973395511
0.260591598643
0.316165547012
0.212315554719
0.212935071513
0.342425285054
0.228543063731
0.264757943359
0.293364275859
0.343250660839
0.318523360751
0.308251038574
0.346178378998
0.29295854686
0.309131597847
0.235439896109
0.277132737958
0.30255089878
0.194005298659
0.333445558044
0.242826123512
0.24696512871
0.274864959943
0.307618223818
0.291697582315
0.239719148615
0.317221476562
0.349115784714
0.31554855182
0.367213677586
0.306235473166
0.318886353612
0.312552670696
0.294349310849
0.259842871892
0.303176193204
0.344885658472
0.261325337393
0.273304334203
0.241164400927
0.327379391646
0.273394542785
0.309424424557
0.257355768495
0.199733489866
0.341894887707
0.297451150805
0.341744194869
0.195944974503
0.296992988839
0.320355778549
0.300787775704
0.228700469285
0.318097834199
0.30784778413
0.246527547681
0.336728558679
0.30272836468
0.237422995613
0.0799750341141
0.253662279593
0.256167869401
0.24062939935
0.291422563109
0.312161811839
0.285132293405
0.266253141581
0.314478058534
0.290578558035
0.284901502696
0.298387575938
0.262827769663
0.317128771225
0.316416334027
0.294234137799
0.265398752377
0.331204330821
0.25584422397
0.245577263249
0.257725235779
0.329487769779
0.254739785608
0.311972759979
0.285503794525
0.300888791436
0.297352337154
0.340415740512
0.30131734609
0.272906275927
0.280459053194
0.337127997865
0.305958216195
0.202920897516
0.344560544098
0.293337327814
0.31912057082
0.298894874591
0.295211200123
0.290296315815
0.298600058245
0.258875514603
0.323896370076
0.319552439651
0.299498373552
0.349802247738
0.202923271455
0.211098356597
0.352435351535
0.274198031377
0.245369326695
0.289427004802
0.214816434358
0.298734564995
0.24403622838
0.307734142091
0.253480434667
0.330735417082
0.281034254171
0.309629517055
0.250363486915
0.280948149698
0.266023611476
0.25614470535
0.260798264214
0.28075671446
0.324838466865
0.321374058452
0.226598382679
0.282345978569
0.257717202581
0.284739226951
0.245496488816
0.2383751005
0.306490586156
0.311217370124
0.315390323077
0.337618560029
0.264117502351
0.29556061268
0.31299504506
0.290287969688
0.278976379729
0.231883380492
0.283382884095
0.314577781249
0.301130567339
0.267138095372
0.280855503841
0.358874948338
0.258637195776
0.227835466274
0.302857458175
0.254731700334
0.239266474592
0.262454473499
0.348362635445
0.219755087849
0.30794583272
0.321783604154
0.305077448132
0.339119506151
0.285005125892
0.294341221808
0.251993378581
0.3103604287
0.277325874559
0.323580848914
0.247041082776
0.174621955569
0.307034379421
0.336601813306
0.306432528473
0.232308778991
0.271114728842
0.335466792234
0.310153270947
0.279766146939
0.264150016605
0.323135111139
0.276085830968
0.288221298132
0.320960077213
0.325597017498
0.326702034578
0.283612759611
0.309568854947
0.329008692533
0.24104221113
0.275650850466
0.340099182361
0.258136991569
0.305245509859
0.301122394589
0.304321423062
0.291539250714
0.326866950847
0.242153362252
0.355593857298
0.24458076453
0.217884940075
0.261649709898
0.267519522904
0.314637742187
0.30610123847
0.353639707592
0.182729924576
0.25426140436
0.285843937719
0.32081820972
0.308374088793
0.289505274494
0.295617115711
0.285933544691
0.306696939613
0.272690127842
0.241456252265
0.195604787346
0.268430572881
0.324904332662
0.232234997602
0.327672986241
0.305858689098
0.284239826642
0.282517784128
0.3156858377
0.316234189136
0.305429473895
0.209854629549
0.316711559795
0.322404388956
0.304037468047
0.231294050073
0.305693219308
0.286856682518
0.272001756403
0.208370101273
0.317318826056
0.262207652181
0.265781908973
0.303096045571
0.319269057578
0.217543834794
0.320535824095
0.29888278656
0.338418697074
0.268361716661
0.264549438761
0.236207482485
0.327968554975
0.240375607534
0.295200920953
0.269264150114
0.297887547001
0.321026715369
0.322343335765
0.286122207596
0.301043227108
0.317764922148
0.206215767672
0.302398947297
0.235982883869
0.249407701873
0.33124119572
0.199368054255
0.356598107147
0.282383427644
0.324399178427
0.236206869813
0.305270042507
0.238924467841
0.282381273568
0.264613446422
0.309372844447
0.320123898573
0.281779672066
0.226819611852
0.258358324217
0.284430849779
0.282180941299
0.308859244938
0.331448805623
0.215197592873
0.243889405351
0.314655955271
0.338711882018
0.333452141444
0.249553655186
0.273647811115
0.300494371091
0.346966521112
0.322424947167
0.301542629471
0.340135439566
0.22521382228
0.30531603312
0.249480704302
0.329744846815
0.31759832291
0.264453812737
0.287331373345
0.369415679243
0.324549845699
0.337811234349
0.317425055191
0.302568684348
0.300933975087
0.298192627384
0.306528886547
0.256020824892
0.31263199784
0.350001290521
0.317537627895
0.228278471238
0.26728451819
0.268731640089
0.321698394238
0.280117064248
0.218003185371
0.24304976153
0.272977490403
0.216860872382
0.273881511773
0.23753272092
0.30199506033
0.214932190469
0.304254834515
0.326858987217
0.214717131475
0.245972506265
0.30492878471
0.300244748727
0.250013973636
0.193340274144
0.277193823708
0.306386302609
0.20668366578
0.288779123921
0.340555763333
0.248181426935
0.358017194763
0.257669504751
0.250653876669
0.15738272271
0.294882461047
0.336283898188
0.18787363735
0.214385059933
0.275403475076
0.283268745622
0.107515581464
0.251236796802
0.299223732874
0.284519458305
0.27100627721
0.346961513178
0.318417665148
0.306888499539
0.288913826919
0.308363368604
0.266094507012
0.290826069822
0.310216224663
0.295159602953
0.324166017298
0.26350856072
0.324339930379
0.312029307508
0.280322448861
0.310588254148
0.339961237962
0.290205787502
0.261253002908
0.256524689376
0.305303239985
0.336946263127
0.29013308091
0.352313932992
0.278597158403
0.284245201517
0.232555859619
0.26322801957
0.201636347245
0.308815684428
0.274378988568
0.274592507221
0.300809731852
0.295790473017
0.323582719179
0.326937437035
0.318429520073
0.303826492011
0.268867611962
0.259490077316
0.361006811426
0.194857900198
0.314825185031
0.273337773017
0.339451280938
0.349349398436
0.29114720387
0.303322411312
0.319569473769
0.343245643367
0.310858149567
0.281952840685
0.312199075819
0.269317531844
0.206072593476
0.182030054098
0.321186956852
0.263709566542
0.284295577428
0.3217153859
0.320321114657
0.202219264169
0.249317323183
0.318084429382
0.24748108727
0.288862641483
0.30237134877
0.298357466328
0.311006271516
0.30291629408
0.28853326247
0.305060188117
0.313213239103
0.292661878714
0.333499703332
0.22872652806
