SGD Red-Ratio+Quads-Scores
0.271409464255
0.254242079389
0.355015211745
0.136847309715
0.0414805907642
0.269227191213
0.283420973676
0.271369572778
0.2366705665
0.4160292609
0.269125945774
0.267992097836
0.369575540428
0.250083991684
0.285040155563
0.298945480503
0.344714555897
0.321787287571
0.2762692245
0.262064403966
0.389655520207
0.340520969908
0.305405524383
0.251299138271
0.37416232654
0.298132264194
0.344000299475
0.3101720281
0.355859938356
0.0822900154284
0.276271332297
0.34756381703
0.313881562038
0.304001729916
0.343127636901
0.333826210151
0.140048700488
0.215360309797
0.237886116173
0.312333658111
0.321840374512
0.265495014504
0.363003056787
0.409932361881
0.364442135008
0.303735089461
0.178564468029
0.308458326526
0.286692658558
0.33109653565
0.351386259119
0.154113631038
0.245652531889
0.369547344456
-0.00973235101464
0.0844145950868
0.407280981017
0.289122323416
0.198572679475
0.306784015524
0.257343070768
0.322724688084
0.107039696574
0.375630223039
0.194526967982
0.135565236435
0.352229244695
-0.382074802544
0.294792800614
0.306305640087
0.295522777275
0.376487865743
0.389405303589
0.384254827068
0.376297702479
0.265017256088
0.24655552824
0.222888331766
0.272598802316
0.357165761815
0.383783570877
0.188648594141
0.287259398324
0.312175521918
0.292568825884
0.356218453907
0.168191332265
0.290244802278
0.292492998228
0.32738876481
0.241364203315
0.285310156488
0.27282449021
0.244140786794
0.367559866119
0.162703678095
0.200611369878
0.267273816214
0.367819606959
0.324786504467
0.355989594922
0.235874169942
0.300724772033
0.259281178382
0.385996926596
0.115985067082
0.1782473594
0.260147028638
0.322864150739
0.348877158393
0.279603738298
0.142054419867
0.262070033138
0.207172873785
0.255066895075
0.178777033718
0.218918526571
0.282697952762
0.404394408038
0.20984691362
0.256948223773
0.147634159769
0.335865129101
0.330662604729
0.265112373473
0.289748477192
0.198676477744
0.337482278683
0.313985754474
0.224617308984
0.294455961853
0.302655903637
0.241693506881
0.242326445058
0.193512466133
0.190379225628
0.264489982294
0.257246464445
0.297878839958
0.265198879772
0.302349343324
0.266690719419
0.234506652458
0.203062112152
0.307119335489
0.29675392817
0.347710503486
0.222362089804
0.255143396932
0.276089760282
0.271573780018
0.273483883392
-1.93059002054
0.25575214672
0.342904925354
0.368935502597
0.211493012133
0.316549364336
0.24572186396
0.335741654939
0.334584708381
0.281484277925
0.379965919205
0.325196350208
0.301843638121
0.282034980547
0.313190991941
0.218793597475
0.238077501617
0.290098952202
0.356895294828
0.322327495213
-0.0878842525245
0.379308448036
0.323906220487
0.360833778841
0.337566610515
0.197059919761
0.375029555478
0.238095333683
0.323519771797
0.303968175174
0.251518322665
0.370504990856
0.302239335667
0.348817876147
0.14887247086
0.287734623247
-0.329594147251
-2.49921385705
0.312883543722
0.173976465635
0.269491249857
0.387571926345
0.107922995246
-10.521584296
0.384059526968
0.328734511083
0.409403808486
0.270815971827
0.240885561986
0.294983519032
0.317849439483
0.0080557943913
0.31640618473
0.326553536317
0.26747624343
0.3051873709
0.274018975543
0.269863290635
0.19563495511
0.286954509813
0.293268169443
0.151372776747
0.205434385212
0.245598445198
0.233343883348
-1.3804125427
-0.74876968472
0.186814305225
0.188962786722
0.373065120071
0.312337386338
0.302334664743
0.274144802678
0.188881140295
0.331148822235
0.271780970184
0.196495874262
0.292042467118
0.316417365563
-1.44980989604
0.203394769417
0.231540009448
0.240601320385
0.266349413646
0.26829777764
0.267505049547
0.197706968203
0.110124154651
0.247523058963
0.321782221804
0.257045471451
0.353562332931
0.192817887435
0.186271979951
0.290357438981
0.308100704274
0.298193771142
0.320660609373
0.209072781183
0.253590886331
0.218538756589
0.31831385433
0.0376401346902
0.205109865074
0.327030756995
0.337809951796
0.209560291231
0.187979859341
0.319761229854
0.443954515395
0.0669270434074
0.0382615113881
0.271361576855
0.374183049835
0.389383924825
0.381845773223
0.306165957237
0.267627280306
0.244579967533
0.256070832977
-8.72061732432
0.32092554214
0.217427762754
0.338438796629
0.358350327039
0.0906988182315
0.311786705287
0.320056012709
0.2833386431
0.406212350812
0.254430002623
0.29468495454
0.237602272266
0.251840843214
0.35022573511
0.312084453857
0.327387862584
0.293345154999
0.376956036283
0.239565179656
0.302237694655
0.263039458597
0.35101606795
0.421217938408
0.305390507037
0.315483942883
0.28394605042
0.357077587625
0.440064659163
0.290850666017
0.344350631344
0.116870685041
0.282041645319
0.253511170868
0.291259599437
0.262022310668
0.26340852589
0.245985652422
0.230856397891
0.172067204099
0.125709765835
0.363438544026
0.0786187809381
0.303741978376
0.344309979328
0.269949332754
0.277824332151
0.10621224945
0.307386627878
0.240702381993
0.388165942173
0.353130239042
0.37014885404
0.283145628709
0.237262351873
0.280855696533
0.193117510314
0.370545604976
0.237470092008
0.190519467179
0.288517715163
0.219971683628
0.0622966583816
0.29886743953
0.374712935448
0.234193098869
0.0876077940113
0.135916548722
0.35750473034
0.277272379059
0.26370201506
0.303248936501
0.22024743858
0.159776627435
0.198643113005
0.157041919565
0.2553243037
0.355014752027
0.278314018304
0.295532998819
0.356101636687
0.274169273776
0.322702835352
-3.52579947893
0.283800154778
0.369635773778
0.0317139050607
0.322327304656
0.280615425142
0.298911583346
0.0572570735161
0.219099940009
0.291377841712
0.236683339583
0.2670070982
0.186678248476
0.385544043678
0.29364971283
0.336298522779
0.225929381052
0.165358849296
0.341176810492
0.344190480391
0.297585072118
0.413442018157
0.283335209943
0.327782884152
0.325245433723
0.369820604018
0.402005787597
0.29639830102
0.390837803423
0.342690722934
0.141937577371
0.281417162312
0.366483961953
0.309383787465
0.264887250948
0.347414607354
0.13536687561
0.22642471002
0.249561653017
0.28788749901
0.305543281015
0.28297519452
0.251886140161
0.322884031541
0.269557221878
0.350552122672
0.287525245964
0.284150290465
0.276744430289
0.192524195668
0.249965140806
0.198084656925
0.228393933702
0.26747125333
0.310216908081
0.398200606216
0.310641614785
0.255185403683
0.225054654092
0.361405333927
0.222097686747
0.306352308503
0.250639484291
0.0364589619773
0.332751880637
0.204074314997
0.376205404094
0.28060603277
0.280246299873
0.240145612678
0.297984464458
0.026505473825
0.231943001977
0.278203913133
0.19304645289
0.274467124836
0.201815929095
0.24387560141
0.379320941713
0.28318332334
0.345062077613
0.329873356566
0.27219250968
0.31528384753
0.282793027103
0.252222685898
0.315147906182
0.315661396567
0.336791535872
0.260261637632
0.326199976037
-1.74072843894
0.320761611374
0.149490766704
0.359941037365
0.272731440277
0.214339888915
0.311758847012
0.342847622903
0.367375986778
0.214863115126
0.328034775093
0.151003892231
0.3300729768
0.195603877951
0.147594600915
0.365895795797
0.185896772985
0.107670250648
0.296333886859
0.309286751126
0.25088388875
0.281750589723
0.252117416955
0.0652526932236
0.216081471801
0.314895627313
0.33004264982
0.352546653811
0.287185192147
0.358681381717
0.279142149722
0.232426019537
0.315675290499
0.269390992887
0.236567732645
0.262462784483
0.27606109478
0.289953976305
0.29849460971
0.282055379627
0.374319896858
0.291475828622
0.341409112517
0.283009741672
0.342998815187
0.274092195862
0.238434327605
0.308850587928
0.200579262747
0.390828396818
0.321564447086
0.282919273054
-2.83583277328
0.190814217641
0.33935234786
0.248735381406
0.27714904766
0.345541758899
0.137478467896
0.367169454626
0.33657762815
0.238256057018
0.343275407722
0.331769392668
0.313981997614
0.344351783465
0.349215376613
0.238286007165
0.316852428698
0.336607566556
0.313403106772
0.309496840984
0.205127233196
-0.258101586051
0.284014440217
0.177266570868
0.286883424455
0.331483769113
0.319501316254
0.197071030993
0.339563936622
0.197343528064
0.353881283758
0.258443599199
0.348349830194
0.157768494825
0.35661769245
0.292731897273
0.297074484585
0.33122159298
0.182111072641
0.35897478849
0.326794801126
0.359013548229
0.281624998924
0.404288373507
0.350022155318
0.413859785957
0.1316443611
0.3823508479
0.292975624713
0.240902504773
0.358796890433
0.34912468549
0.190492361403
0.307792435685
0.219262393651
-0.515981942522
-2.12194719541
0.231250960377
0.249786503908
0.384026206942
0.388515182969
-0.667750064979
0.119184374546
0.279388489682
0.313778827772
0.332666671541
0.272399144066
0.396161880328
0.324914261214
0.311287032427
0.289691359289
0.234434149726
0.3268355495
0.352396898077
0.294213499855
0.360408545972
0.296661822023
0.253462367999
0.312615153188
0.368323603685
0.314700996387
0.340759033802
0.18209067128
0.381407669013
0.333978628216
0.325404695536
0.352003270156
0.220586526583
0.245506381281
-0.145338698415
0.0294210220682
-2.57989469463
0.351393021967
0.237663514211
0.332176612913
0.212913393947
0.133745096082
0.179662082106
0.140427478967
0.270113909995
0.263715049271
-3.83096567707
-0.0173484351463
0.317340736444
0.241286178029
0.109555633699
0.275429690826
0.232093035422
0.323462495755
0.0283972433999
0.240856137398
0.221745236539
0.379747933202
0.252441584776
0.393498543267
0.340476050389
0.315008556673
0.207505961697
0.269333956167
0.216600638628
0.341719992115
0.0287588733696
0.294172699652
0.254810420578
0.336471506147
0.251982058976
0.357970845316
0.263640952988
0.363755965983
0.107128413149
0.299021546943
0.14922684385
0.387375445579
0.0741871673814
0.333228459627
0.307961918928
0.259604134562
0.323774157208
0.401162426942
0.269977557898
0.22364693736
0.32390802667
0.294341106912
0.306929439287
0.25422750024
0.300304155657
0.311059507924
0.168630471577
0.250790386793
0.27672411562
0.188234792777
0.256593489734
0.393901996165
0.168096300968
0.348575513511
0.272944517397
0.240530547437
0.124497202065
0.265182647573
0.317407555844
0.4473993905
0.291315914652
0.188116646269
0.204510903367
0.246380487456
0.284174806085
0.0449068192657
0.338604758038
0.317622391725
0.33570020353
0.297179016292
0.222480341522
0.299237603631
0.432564539511
0.349827982668
0.303746454178
0.289184418426
0.222888255332
0.223825928725
0.326922977257
0.321252122508
0.197733719509
-0.0843255765865
0.203453319881
0.229042630528
0.338767977829
0.326101474458
0.220977003387
0.10939541262
0.325729565534
0.376838106069
0.268998354667
0.301515169011
0.244133907853
0.289583469766
0.1920873387
0.323709927224
0.343905305576
0.277563096213
0.249121098125
0.357463292442
0.266459591792
0.318618038468
0.254059301285
0.290851911557
0.184699743024
0.272310253113
0.271053943818
0.30071513628
0.240313789606
0.365668916298
0.315304826078
0.196366356694
0.353532146664
0.233234750039
0.34599742941
0.241803262641
0.37012579583
0.26196329606
0.255804482749
0.314426604877
0.304692923131
0.307121998417
0.297701242733
0.28940632382
0.274284932653
0.310782205173
0.26727465525
0.290961570734
0.364834881328
0.287704726913
0.272540060973
0.31138385698
0.221981757359
0.31722996797
0.377592849906
0.376072656589
0.413919410663
0.322618150148
0.305521322498
0.299132437837
0.348626648889
0.129757925175
0.31186768328
0.275514151763
0.280344360038
0.270509594879
0.326040152265
0.35983315816
0.208149678645
0.313983100518
0.381508714065
0.322560307012
0.309663809505
0.319688498677
0.0406998007146
0.342612310059
0.249258508068
0.237844917815
0.281659677626
0.271122030268
0.313931357787
0.336143061009
0.204047249139
0.276609899743
0.177890443972
0.338027330332
-0.682319884223
0.316340505468
0.34190548982
0.3522009987
0.232574300315
0.226084867293
0.305345090313
0.342611161314
0.261044538587
0.407855162473
0.176640495215
0.399308662039
0.273371008935
-1.47806381455
0.259379520639
0.380161523686
0.295182731799
0.354314382798
0.367606215369
-0.664656659637
0.312748431914
0.28288330947
0.370131036655
0.316874675578
0.104496350996
0.374285307784
0.312192927639
0.345748601191
-5.38375166015
0.369779428206
0.283027665723
0.00318609555736
0.400462439144
0.364745458445
0.249404931341
0.24622606686
0.32315307576
-0.112401980332
0.263422728548
0.29654503303
0.312783381766
0.203952298996
0.257045018373
-0.37598006607
0.174607264151
0.223412123152
0.317382015858
0.321570783578
0.342716147427
0.1993122991
0.279150484601
0.267923494666
0.21937515202
0.366356514486
0.282093861809
0.394747097004
0.295542456991
0.216186990265
0.395933936529
0.355847659974
0.241211227536
0.356583953045
0.311974621563
0.360732993687
0.293368497153
0.304868021239
0.355602911145
0.172072221301
0.320414758716
0.134059814657
0.283916929339
0.165458330632
0.34862190314
0.311152105972
0.317437581738
0.235790921792
0.35500312575
0.0783686182817
0.283391074564
-0.000852666799711
0.273360509111
0.342482488134
0.205603231033
0.363978423846
0.319149374345
0.255849971108
0.315025505882
0.350751553765
0.283513564476
0.189512660789
0.296293568374
0.285208977385
0.325194357833
0.322041388038
0.30505353328
0.24957775806
0.312226691572
0.272940083548
0.238447729764
0.430242599294
0.324871968507
0.265742825395
0.183069864728
0.263441943414
0.297410292253
0.387359642858
0.204810385416
0.225437738303
0.261315894372
0.288783820128
0.278062438334
0.223778691577
0.268062483547
0.234225978325
0.283948988461
0.176896456864
0.260708599098
0.273423423826
0.392742147155
0.236101634159
-2.42244839849
0.288815382097
0.345596262632
0.357659892924
0.220782552037
0.367744166192
0.294315784122
0.0666888592125
0.363780845115
0.287803827477
0.29678582399
0.326545864651
0.222412564351
0.350194629841
0.378426490659
0.325530163451
0.305673283738
0.248469883856
0.369775440397
0.326431604601
0.267829067668
0.374929070263
0.287631695567
0.327029773333
0.31523392901
0.280678859671
0.180780371646
0.360628548044
0.287874033073
0.328378777685
0.395013026285
0.152073162384
0.398928153325
0.358867098692
-0.944675485018
0.358184731322
0.257714163255
0.0987166827992
0.273874848435
0.293254977547
0.304468968971
0.329952992856
0.139047167022
0.294723019512
0.349396121022
0.161996047024
0.348611987477
0.38326185324
0.244478052135
0.25700534858
0.211143731338
0.420229402213
0.379562308976
-0.379392261746
0.310880521017
0.188401066579
0.345829542053
0.323274261041
0.340086863058
0.362092317321
0.324890947252
0.338526914578
0.213775329411
0.207409348153
0.314732826151
0.220744409696
0.313561479755
0.375890107105
0.334803816277
0.155447232165
0.220485653848
0.201468598537
0.154131633328
0.325980454881
0.231526171244
0.130053911621
-0.0376160635831
-34.1199770364
0.317051843795
0.296037882506
0.378099356648
0.317662749743
-0.0577948060211
0.198880484932
0.262722289977
0.375448119969
0.172418563082
0.327966476186
0.264184781174
0.331753582506
0.322702306594
0.0706796320873
0.301954117631
0.345712499115
0.312763724779
0.268312795419
0.300039390444
0.368854216693
0.322121190966
0.368440912458
0.198384168628
0.330100266526
0.28878159069
0.331312630572
0.373277106838
0.27491680278
0.182899881157
0.355829731865
0.387033493146
0.328364337012
0.344963480261
0.175235854937
0.327155547068
0.161934462972
0.284494922972
0.305184064598
0.299667360925
0.311614861192
-0.136895616202
0.290363509364
0.104968396956
0.315367474372
0.282628891933
0.463357476539
0.354369189908
