SGD White-Original-Scores
0.281613046249
0.291361426071
0.280301437854
0.242502328706
0.337141635962
0.312479140647
0.238662562271
0.269371975409
0.310875472309
0.301162952845
0.293190458966
0.281040276359
0.300782129162
0.259174860435
0.298661932169
0.296133579268
0.310823460867
0.305404580695
0.259252826266
0.281053722196
0.286554546236
0.306288785446
0.268728110829
0.295467647048
0.314507709391
0.306128003137
0.299013266863
0.25703290572
0.267570715721
0.273734799263
0.308783103804
0.315765577532
0.268140097973
0.294664406102
0.321230246943
0.283685353781
0.272053014913
0.267992021002
0.324480640041
0.310157728439
0.28309607217
0.309574596374
0.269889820112
0.286797064639
0.290277679789
0.307238919563
0.240853587419
0.291954366608
0.276277496497
0.28087322171
0.273555647714
0.302763671006
0.29420703427
0.282610160867
0.276498059791
0.265871055984
0.283610112801
0.269549734239
0.302021580736
0.286455661865
0.303625648552
0.258578604262
0.299875319901
0.279078270449
0.246762369331
0.287910151866
0.310946024418
0.229352357017
0.270627028383
0.30249914729
0.304861199694
0.304468721678
0.293497021993
0.305406626671
0.313587868629
0.311951076489
0.290629858418
0.270199300985
0.285721559017
0.271556761202
0.287921105437
0.28892126665
0.281285430563
0.301130969591
0.293383069755
0.272705591773
0.283023372497
0.279666757637
0.284571962454
0.258666000244
0.319513969198
0.27836771693
0.270287936614
0.288594337289
0.267953647652
0.295917815417
0.27743095266
0.276738136052
0.251710104781
0.286287214735
0.288003156744
0.284907129797
0.268312410032
0.306237793711
0.320390066407
0.25343188006
0.245119146205
0.28603114203
0.29956861288
0.285402140362
0.327806701577
0.359883066201
0.263541393022
0.266523529236
0.308047219159
0.274518089441
0.268732687121
0.296677856018
0.328039859355
0.302467130603
0.294409029442
0.308687745322
0.281900434206
0.249213474418
0.277259510001
0.290047040885
0.291843816014
0.300285619261
0.274338178658
0.300611484126
0.323494181252
0.270506339037
0.250617515186
0.301794119668
0.318574357464
0.26031905301
0.284367390461
0.25173112469
0.29222233392
0.29900014961
0.26988609418
0.265662264523
0.288059579401
0.280010217962
0.264195609378
0.28996645631
0.303697819408
0.272448261919
0.303124036235
0.257976770163
0.297778561193
0.2697258867
0.276961933725
0.307933847149
0.278560535455
0.284249338519
0.254948303949
0.304127731438
0.29281818697
0.234284759939
0.268118336597
0.27396786264
0.307096257197
0.299240887011
0.278507063942
0.306195194816
0.269376450859
0.28237495506
0.294094339097
0.301984408026
0.261533538805
0.285312168371
0.298800047529
0.304746960847
0.290475452801
0.298493576813
0.281081476591
0.251773595992
0.290850124839
0.290250384933
0.288427884498
0.233970047813
0.271175943536
0.299619718909
0.275891190031
0.323085493483
0.311665186473
0.337581101704
0.259099421496
0.299398689141
0.258916392635
0.294572398587
0.280745806617
0.292284520578
0.279013866516
0.281849029708
0.274672866236
0.246166273589
0.252146388355
0.24880401113
0.253620639259
0.294342501108
0.261776029993
0.303671745562
0.269475944139
0.27085820427
0.295899257987
0.244752000201
0.243816398111
0.27997753723
0.277883323408
0.260047701821
0.297730392599
0.310130187318
0.288581038504
0.282794534762
0.260461286342
0.251719745624
0.260762481545
0.288425520049
0.310514725117
0.282033629213
0.29198678121
0.284784283099
0.275007481741
0.241489077035
0.272525653646
0.291192207011
0.318924143993
0.28963719382
0.26992257374
0.255340607313
0.287939297371
0.290683263344
0.274439665704
0.267911728881
0.287710374571
0.261116999207
0.276597655484
0.307172831221
0.260235713486
0.274207321931
0.304947314452
0.28223853726
0.271178635805
0.224793301647
0.298926523703
0.289776109857
0.266646741113
0.28841093532
0.326587412147
0.270035568798
0.33210631081
0.26421222173
0.294851029035
0.301296813329
0.313797887722
0.304040200685
0.265953508064
0.265547272365
0.27626805055
0.239628434507
0.338830927081
0.300390309096
0.296636063609
0.279384392313
0.296659590543
0.263355535833
0.288087520949
0.334043771159
0.288172967131
0.288180723188
0.296544053074
0.275865515983
0.255630249132
0.294854515349
0.288594804859
0.270946935096
0.247372656972
0.260465626689
0.318903559378
0.285876215357
0.26789138183
0.293740779241
0.293464563527
0.270583523605
0.316525302742
0.306943035993
0.306425336604
0.306312020769
0.269281501743
0.251384544414
0.263021653466
0.281216831058
0.274408964362
0.28176835129
0.27535476191
0.276224578929
0.302074125512
0.265226774252
0.266877525667
0.280513320423
0.249533003502
0.326775095677
0.276749605694
0.277528177951
0.321329567696
0.345358146258
0.309335462663
0.304826738983
0.25803825409
0.276617731998
0.265210355328
0.304820586442
0.275409577972
0.272451239515
0.274236748695
0.27598655797
0.286927325148
0.307328098527
0.245127990301
0.272983555399
0.235216292722
0.277811226425
0.286246150533
0.27300965903
0.318639163415
0.327785898656
0.274952032109
0.324633144429
0.297513565418
0.271584972137
0.290452729986
0.282969983176
0.284872256914
0.255643281069
0.307020944726
0.284692911246
0.262845954597
0.278857371966
0.276325436785
0.278530338194
0.297737611131
0.260584867522
0.31977858266
0.280377375189
0.276697431689
0.286312641471
0.28069802338
0.289216144996
0.269408531195
0.302970763138
0.292282329924
0.230929295972
0.274745696462
0.267145861991
0.290879584852
0.288987960965
0.297303062087
0.279618828835
0.255050987521
0.302419625707
0.274284432696
0.26748237645
0.296069179935
0.281498827892
0.285438418944
0.278322790631
0.341364527535
0.235678481158
0.282671905609
0.275295051711
0.258841247811
0.249289207927
0.287554665201
0.305989050903
0.296296424298
0.277448985666
0.294445786742
0.275194019114
0.255461990008
0.271468309566
0.282892004974
0.283029974727
0.232605409608
0.283633754693
0.309303032722
0.316562277794
0.274060499773
0.265609417374
0.297888720215
0.255288214024
0.284989650678
0.269146065666
0.312800545933
0.289709871047
0.296399453469
0.320694065646
0.300238149487
0.29942955328
0.290419102252
0.284979750171
0.28356842408
0.285595854315
0.292085512767
0.279786229963
0.247688601716
0.309366836774
0.265043031432
0.269959145447
0.286115774478
0.299164060754
0.265482478804
0.283932986195
0.279946236079
0.260141165447
0.292074082324
0.304399543307
0.284357222403
0.263093446592
0.294317740237
0.289083286594
0.265341207521
0.291954126926
0.28359794622
0.294565377727
0.277558633418
0.254659501658
0.309857559179
0.307837831243
0.280738751501
0.255401525806
0.290411438376
0.317745699856
0.261156098353
0.295151442944
0.293074913014
0.255050718739
0.221317799997
0.29892168812
0.275228189928
0.28269849789
0.266054498269
0.276079657581
0.261487074664
0.287647847929
0.268344215221
0.292922212928
0.263236718081
0.287922472641
0.277655362136
0.329716040242
0.254652860032
0.311633985463
0.310100556456
0.296370046134
0.298706368239
0.277408163895
0.302480206065
0.294211708142
0.294824023825
0.26978139121
0.279157009267
0.294848751593
0.324491082083
0.323844715858
0.26737740502
0.298790761315
0.259018694947
0.262429856507
0.279551941739
0.255390460993
0.281540192417
0.329724070221
0.319722019332
0.341970402571
0.297966952839
0.217073148483
0.256853778826
0.261376308941
0.247225525536
0.252455060829
0.287635981797
0.298517402282
0.289428979481
0.292104927152
0.267349598962
0.299774257404
0.317787238305
0.272522823055
0.235147377292
0.292577221855
0.272890353513
0.286296942958
0.3129804095
0.270325285529
0.292068302147
0.305761782168
0.279311333482
0.30938197111
0.278791304251
0.269698923883
0.280889945057
0.255818427896
0.258918329299
0.278435487074
0.296003103885
0.289824374119
0.283786152586
0.26687834036
0.308394760115
0.285727132763
0.284905043091
0.264881814301
0.317350003783
0.315529380646
0.334171740693
0.253734140479
0.270524052987
0.29656747493
0.265014098043
0.239511079766
0.265397998039
0.300904630041
0.273498156055
0.279862857061
0.278692164759
0.2720625896
0.292335745233
0.294831419744
0.268529030062
0.304406727931
0.261212597168
0.264999323022
0.29390022501
0.246629327341
0.275531562418
0.300447846673
0.245055184422
0.278694325013
0.24203580951
0.281295061449
0.252682207394
0.259116649435
0.290186843301
0.294619873547
0.287399894382
0.288148382569
0.294061437391
0.293945973783
0.242995937107
0.301041977526
0.278719210949
0.322410218774
0.287203056821
0.27530037688
0.275838981717
0.308934902825
0.25251917666
0.24988170896
0.302727705682
0.276833533938
0.281627861211
0.248054242626
0.257424689229
0.259838173092
0.273501332358
0.307447929991
0.297524442582
0.277770347274
0.313871171115
0.263849415422
0.304917527485
0.256357494312
0.296615973059
0.274122063318
0.25264136199
0.323144586102
0.283194569279
0.25188872293
0.321114253647
0.293529085753
0.295127884587
0.312365507779
0.283065785815
0.287660636593
0.334838931178
0.282207983345
0.300497597235
0.268968771275
0.26211821234
0.326773812848
0.281067201439
0.292743030638
0.294153675223
0.321552765236
0.313922284569
0.247790529194
0.255583589959
0.264716805801
0.293183745568
0.302365931297
0.247285264751
0.298965170829
0.252827913935
0.25653369086
0.311407196616
0.29408633051
0.299063739116
0.316965071454
0.261091643959
0.33127643266
0.293353320594
0.29184321326
0.231866659835
0.291057731172
0.258404267734
0.243007947485
0.287763761884
0.288321795737
0.220202700259
0.263993282503
0.268952375012
0.296286461075
0.308759938298
0.264053716411
0.256455497467
0.294219593733
0.249468009554
0.250825151274
0.26380647169
0.305288834678
0.294928909833
0.297777833076
0.244980146136
0.322478369228
0.300544662758
0.22892301517
0.299638950964
0.29394603204
0.292828698435
0.259154151043
0.247072336708
0.251528137534
0.285969806812
0.253096045034
0.275734949112
0.281360326606
0.288218492652
0.235040932322
0.277976575146
0.25788869418
0.257417714237
0.302294223368
0.316562537274
0.288377440699
0.284078751086
0.291910659606
0.263115047598
0.277647764857
0.282822618892
0.261259699879
0.290642157949
0.297883653222
0.246114696932
0.269212939261
0.280635248159
0.281734240856
0.26391756687
0.231025149263
0.281652941227
0.338958050188
0.277706008042
0.283141852107
0.28749833215
0.29887366727
0.250452378566
0.271426804821
0.27889153401
0.276002436902
0.284917644479
0.271243107215
0.258055587015
0.273834116442
0.333169867946
0.248527004162
0.283910121696
0.288457197162
0.297582664376
0.319961750502
0.276478626703
0.257620074981
0.265818344084
0.334305241581
0.303395825454
0.294524989255
0.242408513119
0.276866263367
0.262319693985
0.301665332476
0.279461236542
0.30660997333
0.284300838305
0.310589389512
0.254444384708
0.29847152018
0.249219311488
0.296822720812
0.29183596176
0.307044744186
0.27407808204
0.240505089064
0.295024084568
0.255560803469
0.266788981881
0.280090847808
0.291133391983
0.310054195201
0.299210123485
0.300840693208
0.26388773412
0.229162600038
0.220269114637
0.291043851311
0.265992692442
0.244637369327
0.2801563919
0.316681551524
0.307778097383
0.293276806935
0.300263251017
0.320964664268
0.286202543812
0.338622140143
0.298505173714
0.208622393455
0.268722041739
0.270971796256
0.276694266841
0.340926460336
0.316477262436
0.287817298227
0.260808831121
0.265079661835
0.263226893209
0.26269387778
0.286571514678
0.299014522308
0.295570324679
0.291007330119
0.290606960566
0.299347890269
0.274167720538
0.254351640823
0.292135804553
0.280011379682
0.297307643897
0.235333370406
0.304800291238
0.302244517851
0.264901539097
0.271484789513
0.234527855064
0.286769382498
0.295573811756
0.241250296444
0.275548488969
0.297807311468
0.294452305744
0.248834296213
0.263202951593
0.280347665729
0.282867398098
0.263420860208
0.251525489449
0.285219452611
0.244282810474
0.285561553944
0.313094853866
0.27109100404
0.321886589938
0.248574236706
0.286048353729
0.282335500083
0.294818439396
0.271076769733
0.348334507498
0.283488438038
0.308750939039
0.302108177319
0.272891691001
0.266052150667
0.264449507351
0.291347004729
0.310670481094
0.282241328974
0.246543171242
0.283507355853
0.283591626383
0.295106041307
0.270664197524
0.274239629862
0.272862879798
0.234972258232
0.29752682748
0.332795411917
0.267833626064
0.286244426208
0.281548004279
0.318037952735
0.292297676479
0.278067823273
0.297992060919
0.300625411833
0.313719584868
0.293200308135
0.306709518674
0.293784132319
0.26118482827
0.228872333846
0.289490843358
0.29494461374
0.258052667243
0.299072579925
0.268548835502
0.260078194667
0.263076117201
0.219754753309
0.297445008216
0.332608878419
0.314076680872
0.316501134114
0.26184313427
0.287495730245
0.306046992816
0.234444619087
0.30326693031
0.297306664418
0.262720221412
0.291283051118
0.29445588397
0.260954926696
0.279081686459
0.307383538221
0.298001302675
0.288466326057
0.315882665592
0.297235521855
0.327049639543
0.310398606164
0.279855365648
0.277643618045
0.275250895949
0.291355440771
0.249603984244
0.255348123397
0.278735024011
0.270562616376
0.282802318105
0.288048496678
0.288419142342
0.246242913631
0.28036368233
0.263931776556
0.262460781347
0.295776130297
0.275226202865
0.262636680228
0.324570150289
0.283987570883
0.228272200951
0.32146876369
0.292060904076
0.316634924196
0.274964626124
0.300751096659
0.314807172961
0.292222796777
0.291329660703
0.26474391868
0.253767831759
0.322698989449
0.268041758532
0.248623789667
0.292372570228
0.304385572375
0.276050931562
0.331827956254
0.288907574951
0.303297883183
0.308663287249
0.264311907419
0.322785051028
0.298860332987
0.299023896636
0.26013143073
0.284423920552
0.304582953645
0.274169408525
0.294687592761
0.297928587234
0.31483487192
0.268797444692
0.304935512874
0.2593022091
0.255047971286
0.293175449368
0.336817536749
0.269447607779
0.277699950987
0.277908207549
0.250330677737
0.304111647919
0.284204880158
0.279759462043
0.287644631588
0.281818173548
0.268203394331
0.284994752677
0.301677127166
0.264372969084
0.264723526049
0.255252516896
0.256664102387
0.267652625429
0.316821019719
0.313819881018
0.292051732731
0.307877938378
0.299140337126
0.251793430219
0.25105616011
0.310378951103
0.288847803638
0.311253623596
0.347516332012
0.313451968089
0.299236445929
0.283111944322
0.268425978029
0.272272052685
0.270817569427
0.274209128607
0.273234604121
0.297119660802
0.254116589724
0.273072883254
0.285251729783
0.269436633809
0.266362604517
0.306424377713
0.282920105906
0.257835348216
0.292475884197
0.265332601625
0.270083825521
0.275575692104
0.267964228435
0.269893377157
0.293091667289
0.289645956396
0.301450869434
0.295797020704
0.294322368918
0.27962682343
0.289289950438
0.256486903379
0.298345209302
0.272090813916
0.278598047982
0.314820473637
0.308233038816
0.258318446501
0.285147876413
0.242120462007
0.267811556293
0.3151073095
0.309914777477
0.301681254219
0.284120981244
0.27122641945
0.283321931063
0.284394989249
0.276011046867
0.310161844481
0.250559622129
0.258964424456
0.283456299012
0.289182204797
0.2649369861
0.31788503719
0.268628729118
0.260539354818
0.298309952753
0.315873392941
0.284984627263
0.290352272715
0.247591499347
0.293162974858
0.273185124143
0.284718782469
0.302008268426
0.27015666841
0.289905175546
0.260526541495
0.278372926
0.329199424744
0.301842251846
0.298635373646
0.305092535479
