SGD Red-Original-Scores
0.387730184287
0.269182007164
0.323227667945
0.30546444926
0.347013850565
0.354211266374
0.370371338786
0.387290115392
0.436740735992
0.297104069523
0.346422310453
0.354822538052
0.331998803338
0.334666923116
0.331976033173
0.314238994315
0.358440699046
0.371769520111
0.387169201129
0.249538164957
0.267249597529
0.341744172546
0.324762353518
0.366025218307
0.279974292355
0.36513928043
0.343234000816
0.309154895215
0.346336392278
0.328834049172
0.268871049684
0.356769404188
0.344540330042
0.342587464073
0.326134420783
0.334799420363
0.318366687703
0.332478661353
0.273048382738
0.4084511742
0.306516662519
0.327086777666
0.334182209336
0.309481220802
0.315121792534
0.321832768988
0.325341000293
0.300342448365
0.221344299151
0.410602979563
0.329257746374
0.417141699853
0.364012291942
0.394000355084
0.36134380861
0.306880831208
0.336766756101
0.375396737482
0.224439940961
0.300559783632
0.328606583726
0.288948097001
0.330471840768
0.415173157796
0.314892104442
0.358919743511
0.315145682468
0.352528646948
0.339581397698
0.349030021772
0.338326293357
0.349854856425
0.33247743197
0.381245506207
0.350088597135
0.341156582941
0.322693386959
0.409490472668
0.375298223984
0.343669621298
0.398548371368
0.315984699232
0.292827248983
0.332467964628
0.336069021658
0.274732061625
0.338679171638
0.389444190025
0.375451808721
0.338115529482
0.35675690015
0.311051373893
0.395821514113
0.270595045566
0.337519591489
0.354581439502
0.394099823161
0.361703745425
0.3405086547
0.374195723219
0.283915758443
0.379204452741
0.302949158354
0.3318860935
0.391356650899
0.374071694445
0.342822679164
0.327843644093
0.301314943698
0.339562502875
0.274889957714
0.354280496542
0.403875867658
0.330268534794
0.360279512366
0.293519244566
0.298046632218
0.34969289585
0.289835253016
0.348955024866
0.406744761393
0.326436494745
0.387613390388
0.372348966837
0.358396983614
0.350004774153
0.344792819447
0.389538078669
0.326972011775
0.367558632214
0.298464309912
0.327282562219
0.341451483836
0.410200934769
0.360588794451
0.387977361075
0.307136866823
0.379571202954
0.40955148442
0.373602613333
0.342462354838
0.313374754042
0.306950084593
0.412337976504
0.387824904782
0.345189025947
0.323210083558
0.372463192811
0.37014957442
0.329281854692
0.35676174247
0.324054035522
0.390159906646
0.366511260296
0.363329411723
0.375173500012
0.343772479946
0.349952213514
0.296859665294
0.387736596902
0.338686226102
0.325481324151
0.409391908692
0.301819870137
0.292547144663
0.290189741143
0.371786921056
0.344686783771
0.310052980823
0.386093166008
0.313126456544
0.386738772705
0.378146816939
0.373500090888
0.345772708529
0.300883374025
0.376941059871
0.289381439816
0.393001726527
0.414465407836
0.355414936347
0.398857641281
0.344786451394
0.328599751194
0.292386577288
0.355527970454
0.304731257557
0.325270178643
0.347816047064
0.293958784238
0.332821572006
0.333634082007
0.401268272126
0.341888997142
0.353352675818
0.376520135871
0.409099487254
0.328070376715
0.254877190589
0.383221558034
0.38444244059
0.35577132811
0.387324182974
0.358176725351
0.364120165601
0.379659754681
0.29844899085
0.31728918628
0.311020985733
0.379578233917
0.321022343544
0.315590573057
0.332788388079
0.322391878758
0.345032742522
0.392646866949
0.375373539239
0.294832980117
0.384377460246
0.306579278501
0.316835474366
0.341023620894
0.337693265157
0.405988980349
0.385325018901
0.278171640682
0.29278731573
0.434123513251
0.356055049151
0.363855197429
0.296059716059
0.34598204477
0.321719795663
0.351894921259
0.293602297654
0.395914821738
0.295482491008
0.35156352185
0.336778141343
0.365758749905
0.371186095993
0.386395563361
0.341972811719
0.349812051401
0.341751563892
0.343323673715
0.262354269291
0.314466148322
0.282452727499
0.301094808032
0.296897226868
0.3318150135
0.320262001658
0.381601151674
0.262709741345
0.423437016906
0.316670216269
0.270466917618
0.353694964651
0.299189249297
0.409378452904
0.434681346522
0.388396134658
0.406851588606
0.353206010954
0.328456710356
0.373970740452
0.362939025678
0.352595975913
0.397734096061
0.295658987519
0.401947103835
0.446047661742
0.388499508997
0.307414832694
0.362263886209
0.375422598386
0.285080890907
0.398188178234
0.370006992307
0.296102382444
0.375036825676
0.327179442505
0.353716228584
0.354285580078
0.380511270011
0.352958232233
0.374792955295
0.320215111447
0.287918231773
0.331359337088
0.357439361604
0.380131147467
0.341124263482
0.355628568521
0.404828151825
0.319151901387
0.323639307499
0.306609257254
0.339724433932
0.363007192056
0.328377374071
0.375221257028
0.377130508094
0.344517063488
0.409158984645
0.374237242699
0.34306409286
0.311857062395
0.321858191658
0.387379058743
0.318633332263
0.354079732481
0.302346946077
0.356580836734
0.387675908083
0.364535983489
0.339214236631
0.287473688315
0.324536199532
0.359316213673
0.386195317946
0.331281275815
0.34783568541
0.411203346521
0.351413079161
0.3487091582
0.353249240981
0.390736675627
0.395816955494
0.379768991275
0.373632574787
0.363166224249
0.377779810238
0.307422584785
0.378800732124
0.376284432926
0.3048403747
0.430658711394
0.405513546792
0.335689348877
0.332383975425
0.336818644084
0.339060214578
0.401570422939
0.377153141228
0.416938499262
0.338282206539
0.419810195689
0.304555200514
0.34459325829
0.30092765845
0.386040451097
0.341860343533
0.434614802056
0.307806249018
0.371757498023
0.344052902144
0.395701588864
0.393438978382
0.331597754325
0.351198676377
0.357994191894
0.259559292101
0.378817585088
0.340250960684
0.304943706414
0.391036847019
0.327517317379
0.397659607647
0.385095499974
0.353607762789
0.278684356921
0.314684279263
0.316479839715
0.309904330832
0.366670997284
0.377617676406
0.368526439904
0.37358693658
0.3018879787
0.341320937724
0.317146923808
0.337262101739
0.356769461431
0.39324477595
0.414742024253
0.351788258071
0.340954775874
0.304028496153
0.393177653978
0.361301098362
0.349960067467
0.400988049107
0.363177296436
0.383747033908
0.3130870972
0.313303062479
0.387668459906
0.375145614725
0.375946503043
0.297547921086
0.318346612903
0.298960067746
0.28531026072
0.342811869859
0.387177374057
0.334366035152
0.386185045362
0.369760109275
0.359127979826
0.336060519911
0.300373901502
0.331842878885
0.346733639163
0.403305363803
0.373386950334
0.281372894791
0.32054880558
0.291068077839
0.39783764063
0.342376428728
0.317719072759
0.387882765922
0.396681907632
0.390810089474
0.380074903606
0.385001928728
0.369814373799
0.354079500038
0.371863916545
0.37692419854
0.364819401085
0.331582046429
0.309379998741
0.297969031035
0.365899330261
0.358341593919
0.414033866384
0.346862910897
0.304199945603
0.327215211625
0.400022181874
0.347892870202
0.281485075918
0.303659717565
0.331538254286
0.357662579965
0.316662836431
0.358621900825
0.308964213825
0.395573149355
0.306763489573
0.282004769673
0.373510937602
0.380143887843
0.30908722038
0.365166437446
0.354450859237
0.332188709915
0.343863137603
0.379674295869
0.353333118085
0.361660207728
0.33269239253
0.353853372054
0.255014674448
0.350023065902
0.265675695821
0.319201493606
0.313029524236
0.358674057664
0.390177095132
0.29819636652
0.290487081218
0.289290972502
0.27017587876
0.299449147195
0.375300564589
0.30309761819
0.372004326658
0.333416623227
0.402595477028
0.337919191409
0.337002443108
0.362033340712
0.27111120447
0.375198514624
0.35245623536
0.31235109306
0.343950241611
0.300460454899
0.353965215002
0.271916678022
0.37285737524
0.357254574951
0.319272406641
0.379172713102
0.346637551171
0.356120745473
0.306295572524
0.330314628055
0.32783091441
0.383000306595
0.38953889707
0.372343276662
0.295630226635
0.3436125045
0.290102500594
0.362475546159
0.425190343576
0.374500948466
0.29741229017
0.333461516981
0.355921172715
0.26211487951
0.403989920695
0.314947820282
0.312523555148
0.34547805724
0.327048926021
0.307340718289
0.346627442567
0.412169105935
0.313309615382
0.361246333919
0.332307159535
0.371017118797
0.396669849774
0.339878584937
0.326703041571
0.282441527431
0.276512214897
0.308150968437
0.321171408785
0.326594373682
0.259809903994
0.320716736525
0.372509083267
0.274047255649
0.305434669299
0.365631598066
0.269944903373
0.302015121748
0.342641331663
0.384003830619
0.336502981742
0.347368651001
0.28822552697
0.319599394938
0.327155347643
0.332096137728
0.30137113563
0.375846241079
0.359956862188
0.322943543162
0.344840228531
0.335923401344
0.345003873632
0.22377577191
0.352179828608
0.378850471453
0.310854449093
0.250786735081
0.275081717193
0.340613700833
0.375629609679
0.258025364532
0.380825610499
0.385971315336
0.391492098913
0.326987241906
0.337891770815
0.377077821358
0.377359954022
0.38942981574
0.337606506622
0.320243661875
0.362816635826
0.310375383753
0.310307559337
0.349891819421
0.362566492401
0.294710591964
0.346321025291
0.325148199778
0.367504866767
0.349819337105
0.382230577312
0.303273859084
0.369323182659
0.388393583474
0.326645501076
0.340844389231
0.354350109695
0.366318200505
0.258422020016
0.356668944402
0.404646135369
0.339825481289
0.36177130676
0.353088324729
0.306649991028
0.291585147791
0.217515194278
0.375909437796
0.303578775072
0.364066907029
0.227619797902
0.361242887665
0.321367574993
0.325656520147
0.278148096938
0.318005274309
0.336676246294
0.308996451239
0.375464030036
0.34233699499
0.39673186754
0.384914158485
0.246909064478
0.354241725171
0.321616693424
0.40032712524
0.292766658178
0.363103071064
0.344492508984
0.30913997796
0.321998250493
0.295324125398
0.393464568925
0.302181874718
0.324428304741
0.282770192738
0.368101001621
0.34097626292
0.371777152283
0.327512951226
0.296968274223
0.329232763556
0.420001139071
0.374125266883
0.358944224925
0.316248247428
0.342518613228
0.395111667264
0.408613169524
0.340769516595
0.321398935678
0.378228395885
0.370041025806
0.400148342395
0.405452770486
0.372587680329
0.364689015222
0.365384312322
0.419199558033
0.289752171843
0.338997805482
0.344884938342
0.360932725484
0.409269776214
0.375245033105
0.408542775502
0.366344385222
0.37086792217
0.352939297979
0.355797148376
0.346341178498
0.365365942854
0.314086566796
0.335108019089
0.364970662612
0.368448664597
0.330935552521
0.350732009157
0.40278864286
0.331794428814
0.355185949107
0.389823982728
0.290119122883
0.410731960442
0.334832928815
0.327189917227
0.301441664237
0.395011949723
0.351472999736
0.359026567497
0.337065810148
0.361493846278
0.270736510042
0.307438298282
0.287291077265
0.278239971118
0.299801573662
0.322872201249
0.388874785488
0.289956954745
0.336014142682
0.35345845963
0.411064319837
0.331768360159
0.313952907972
0.350900497996
0.304291765965
0.258654079331
0.324990343492
0.342505148334
0.306023132351
0.337822717165
0.352584136058
0.406591459504
0.352343928333
0.343313665722
0.222197662577
0.327401655038
0.326934570813
0.440577548349
0.408399336431
0.288762945258
0.262909788343
0.401551619912
0.361004360092
0.374909276429
0.318236620946
0.304829475623
0.455534417027
0.367078479642
0.351708736528
0.316420069681
0.309303614804
0.421882136013
0.312013197299
0.337155881829
0.340163057713
0.318289854245
0.358010033032
0.319604715373
0.342591597364
0.324541633623
0.317932687261
0.284858836848
0.394288871183
0.30641013539
0.351161169533
0.304729418665
0.354445838881
0.327262601459
0.359268677053
0.34263161953
0.333464655352
0.333788225534
0.310363999553
0.367732237043
0.392859856491
0.286013231192
0.275345872249
0.335570580069
0.365779280075
0.302203244939
0.325841772132
0.351624514998
0.324519287724
0.293340331384
0.321644614368
0.315224222016
0.333600042203
0.326961174076
0.393988574854
0.359732216777
0.406603861165
0.295266928139
0.365726338304
0.390794346123
0.369395103986
0.378526693819
0.280488909565
0.386110745903
0.317054702819
0.283766605205
0.368940700634
0.34901050575
0.35049857625
0.315884339281
0.368644613184
0.249399340007
0.44031527379
0.401629138555
0.340347067272
0.367246579973
0.281919044193
0.318309897777
0.289865990481
0.317156542009
0.270923945722
0.323984954223
0.286105153726
0.308139149366
0.334058554047
0.352240575206
0.337765945451
0.342027987711
0.34397758029
0.359079885196
0.24467522514
0.287920421595
0.364599920636
0.31900837132
0.350783749855
0.387070673248
0.27939868301
0.256488371013
0.306867226382
0.312695049175
0.370552877709
0.298154914303
0.35131459038
0.336047075293
0.322493136114
0.327518217777
0.335498046261
0.311429233913
0.281933300749
0.291784914908
0.31938212944
0.389685346683
0.347754190756
0.333944221049
0.390480249879
0.343628681355
0.340982247803
0.381686186574
0.349128417983
0.32678313591
0.314980367516
0.28133501919
0.381838555814
0.338222479757
0.337652525658
0.298952820474
0.336243765658
0.295085141622
0.296056400361
0.368307550398
0.375044140154
0.366959496091
0.282901968931
0.345386290312
0.311889086606
0.361321774169
0.345213508845
0.350529661501
0.288635984146
0.382273906583
0.316535419908
0.365750772357
0.293783833926
0.394119811906
0.327176893467
0.357120940134
0.3082626726
0.409218606403
0.410867889333
0.369603791499
0.31084363117
0.22830634859
0.322320501849
0.358671403468
0.35575987051
0.392568868775
0.350958059919
0.378917519249
0.359806281225
0.32525367003
0.350395559125
0.390063245362
0.348892924077
0.323138260035
0.341498701804
0.276768113495
0.341008166333
0.323849757458
0.317758530042
0.318089919988
0.411829453629
0.339961316857
0.364233582218
0.342508748607
0.310520092204
0.385764921037
0.391193632246
0.322060794262
0.32898660126
0.344005335636
0.34063897306
0.332222876289
0.329961336339
0.337254119615
0.314276715156
0.268667916293
0.307137754326
0.365024569276
0.316762865752
0.317565076217
0.406587212788
0.335601711879
0.322069880989
0.325524272208
0.32823148695
0.317980773032
0.308379265223
0.387929812992
0.327180630592
0.352090939522
0.261379600629
0.28011177173
0.365396857072
0.305308404165
0.370648520243
0.36816854971
0.386544779369
0.356426272628
0.320746643713
0.332225997834
0.329628640988
0.286661133605
0.383668146443
0.345123288344
0.372562886878
0.334728309343
0.365898507434
0.292872627815
0.297149571541
0.337559794797
0.296741443314
0.354280557922
0.349879870142
0.391555620131
0.304153625339
0.391800231047
0.325113463582
0.382536471763
0.30288441828
0.390942065791
0.405562620821
0.31845569408
0.340459738005
0.281221976139
0.3927720672
0.210675088995
0.356161510494
0.386830519003
0.352688043401
0.334198777411
0.304695726952
0.357081668944
0.334502369318
0.387865644192
0.353561377547
0.349555416885
0.371820569016
0.323021764383
0.291812062515
0.320965090529
0.370089055724
0.35896852294
0.325229395945
0.369449061425
0.306631340456
0.374606634858
0.300262029019
0.409707529005
0.2962825734
0.418672226767
0.327754950101
0.374666464811
0.375957148254
0.356606249015
0.382429594757
0.343144124838
0.28706752436
0.322912381253
0.368588935039
0.367201722693
0.28997707097
0.386225558577
0.379839331341
0.357232127156
0.354373812962
0.347955369663
0.343701290689
0.335856355256
0.321270739532
0.342209311921
0.403651743018
0.343845093242
0.348800011166
0.394307070191
0.320446887151
0.338103098879
0.380080459221
0.291180301941
0.385804930425
0.319009209689
0.365819322011
0.394914850447
0.346766613372
0.388783734107
0.341592866861
0.364013001059
