SGD White-Quad-Scores
0.178943821786
0.163723978674
0.342432103284
0.318717703017
0.339804241644
0.187475285504
0.259715871274
0.299461760379
0.313941847117
0.283452340732
0.269574822306
0.190232702957
0.299570816861
0.195328724151
0.327192453301
0.0444751761769
0.313040885614
0.229126623561
0.146086200423
0.279129039964
0.307545380171
0.27703536942
0.277016870532
0.116177659048
0.162960387167
0.254735577659
0.324249722443
0.0869849297973
0.330764326092
0.333220613654
0.307525328861
0.326968139932
0.309363396271
0.10267071874
0.323142939918
0.343119572232
0.0242190406848
0.33816733393
0.142631982627
0.344845984559
0.340691937026
0.169790417024
0.348080064552
0.323443036067
0.317550608279
0.320999621305
0.304976646473
0.28359329185
0.301382310183
0.338382945456
0.32196295255
0.283702909764
0.316482500113
0.266071220377
0.312508590675
0.14575101649
0.295469238536
0.307653984656
0.187979910105
0.29366730689
0.338290648119
0.0559072979067
0.295732242601
0.237683657949
0.127379161114
0.279015154399
0.258361089078
0.25607951659
0.3043451377
0.368752971674
0.335449356462
0.329752420718
0.304698027146
0.315735613538
0.319920324128
0.143232739797
0.166558486761
0.286858960203
0.326431525581
0.144972483033
0.287386963673
0.20877210394
0.275759472628
0.275604184754
0.320982207588
0.23189782365
0.305393684917
0.300275764865
0.321178375227
0.206712869807
0.264606003152
0.158163159179
0.294023149238
0.22236865439
0.128913140147
0.321589605989
0.156464523124
0.360087578939
0.212197823606
0.324294937002
0.279548501438
0.0709084775553
0.26199815206
0.27076330284
0.179446435089
0.325187195044
0.343927353552
0.289373534006
0.325667026881
0.282084814274
0.352115899299
0.273668556737
0.326180874715
0.247508326497
0.322349779641
0.323068068238
0.329495366256
0.29518112649
0.29451724286
0.313753059944
0.224747557993
0.193336049414
0.370809590736
0.237364520355
0.173066979255
0.305310244093
0.313107518097
0.175664343363
0.296197079747
0.0239118706687
0.29514536986
0.278263246203
0.319869702515
0.294146525808
0.227545920717
0.171542253101
0.00757741144021
0.302265924074
0.301464518372
0.330765491849
0.270262320315
0.229631776436
0.108679795519
0.235463765552
0.274485596568
0.122747091797
0.315431700351
0.283209055109
0.288622077188
0.154785099913
0.258998381235
0.271675570719
0.339368743537
0.327472794038
0.300039494098
0.151871347432
0.29778126564
0.301664151502
0.268401108133
0.215092192027
0.111749669645
0.228331816222
0.245940664597
0.291662704015
0.336351876956
0.307981877571
0.148958053682
0.149961578979
0.290572452406
0.347364644703
0.329778860961
0.323770097153
0.291319327009
0.3189367211
0.265060876333
-0.10494586822
0.315003202575
0.32770430699
0.335731071039
0.278806699919
0.326374336215
0.217209083721
0.0875337400907
0.230702847402
0.281138918734
0.219203240014
0.296198643159
0.288027857897
0.338235954973
0.286013856764
0.307107766643
0.267566215718
0.292925013623
0.280593454915
0.326114183413
0.325641071809
0.309531146776
0.274993885044
0.0939780356013
0.340445416789
0.358506826457
0.269873144295
0.158817403562
0.327625275805
0.217198110465
0.36982502912
0.251518069034
0.354815286979
0.321447348871
0.182478632805
0.306521564709
0.336909987947
0.206605369862
0.292149778254
0.284347160841
0.314320715174
0.314134328378
0.123183678997
0.252118562657
0.0631849573004
0.281235608548
0.336343857555
0.317353555283
0.248556660544
0.313771837214
0.295884682221
0.320569166794
0.168880069779
0.315309071339
0.280498971497
0.188343412457
0.357127679394
0.292401150817
0.209431599289
0.313924932499
0.328528179661
0.294661738718
0.180442710112
0.311294775458
0.332136459623
0.258042350263
0.298623022538
0.309945636663
0.254438439368
0.300851352929
0.261286875664
0.257137726113
0.293349988224
0.324224670519
0.302232360745
0.136374238002
0.268233982092
0.271385728318
0.310531517956
0.317191796759
0.29022232821
0.359692843467
-0.0231125279994
0.323483707823
0.298551301229
0.267544150146
0.329527709652
0.228987698025
0.323612189792
0.150772550974
0.115928237028
0.282739194618
0.30266436743
0.294326720829
0.34011159871
0.313299377601
0.339929985684
0.289681781282
0.324151074298
0.307978694346
0.0713825432527
0.254239485217
0.290292692294
0.314827001724
0.276261419129
0.357301448283
0.13762886805
0.317943862966
0.282275613039
0.333622966567
0.297229898436
0.267719671085
0.198415697256
-0.0256141049493
0.298113086569
0.330602906548
0.323040676284
0.140749359225
0.295049858591
0.326498531692
0.14932802549
0.226457916405
0.18438718708
0.324389033666
0.275288317166
0.180920110376
0.106659772989
0.139904819284
0.300921194886
0.286861191556
0.0345108135387
0.329200497388
0.327429464173
0.297027827096
0.289684796698
0.321670796162
0.32424596134
0.126927017537
0.199105216853
0.27952496384
0.288662496349
0.342223080135
0.316043837835
0.311280610219
0.151943453159
0.318973322697
0.342677422152
0.0869168098633
0.175222796469
0.0828420613188
0.246244480554
0.225209262026
0.314424971114
0.203049528515
0.31662134348
0.31486294272
0.300645738799
0.294186387378
0.316269936348
0.338163079207
0.264999579351
0.329844382474
0.359445784858
0.273978682053
0.260930478059
0.310362015069
0.191588097547
0.0824449553935
0.304867315585
0.259883148234
0.279913909339
0.155174957682
0.319219799424
0.272177941952
0.286907878447
0.292603688786
0.313628694032
0.35455406065
0.319247650088
0.281789220162
0.284555083263
0.304989763593
0.291915532413
0.207148421508
0.197724356243
0.149961793837
0.302472908611
0.316392643343
0.290769434051
0.333392868027
0.285100421019
0.282842803158
0.302519861682
0.299202417948
0.28669350172
0.0220313949771
0.0961901136009
0.351768846107
0.17368404293
0.0463082719577
0.315199718898
0.176427340013
0.153623202449
0.340678058093
0.286033883611
0.311564620135
0.140711838016
0.296590322308
0.153455355788
0.340999286
0.269414322542
0.34319481224
0.295515013988
0.325085475372
0.294081285766
0.326671524323
0.298768753491
0.355358886276
0.292303326074
0.255616972319
0.231699688091
0.326613925606
0.23031884855
0.26017820831
0.245355044142
0.375661214471
0.247815756406
0.299627001211
0.187491116666
0.336517353227
0.323185845747
0.235374235493
0.266934375507
0.289659370055
0.321372430928
0.274736499104
0.300158239497
0.290931236794
0.254416460269
0.194455958394
0.178166029684
0.291993311599
0.163131796141
0.30419596235
0.0639218698224
0.336890067918
-0.00240778306609
0.255517179521
0.304983360551
0.310525162087
0.289144359051
0.309288960611
0.30270423263
0.318093258184
0.205621632739
0.350012568692
0.0323081674453
0.297538621906
0.271644746364
0.319819553169
-0.0974082354417
0.348803657093
0.288874780145
0.273847715033
0.32141594469
0.312255665518
0.307788822327
0.288607053866
0.274329934927
-0.0624331430969
0.347542424368
0.367064013069
0.224972165484
0.323681828682
0.195149989794
0.343752984192
0.300965861471
0.240158190681
0.305693362997
0.305571142284
0.264791378921
0.333490490397
0.312113594412
0.192581571909
0.239950916498
0.336641412106
0.163310066264
0.297441277028
0.308617989303
0.248615287423
0.280435671723
0.318513058575
0.0622276174206
0.305575017386
0.286809775596
0.273698529674
0.215449083306
0.335991544826
0.151167999922
0.292392031569
0.30222628569
0.185242417387
0.263064924579
0.325354544702
0.183700491545
0.133374686834
0.304874050826
0.120231453457
0.102383954966
0.105375438183
0.35441344303
0.293962594909
0.349563912746
0.190841239197
0.114268272794
0.322260732771
0.339529263477
0.325215355604
0.326426531501
0.322252278755
0.274410980859
0.271811557922
0.336263842561
0.251836631916
0.173084244075
0.327265578513
0.26666602003
0.243821616916
0.265404342111
0.272647024242
0.35567912243
0.321277035561
0.299000330992
0.335316144424
0.301846116559
0.309448541453
0.212361824352
0.309258320237
0.0372414839622
0.229673728589
0.233328104217
0.327379697626
0.240792556212
0.334329231446
0.259242385098
0.338909528416
0.329487519273
0.347642593807
0.267188117377
0.233223053293
0.0728018133249
0.309200954131
0.261049491118
0.356886838997
0.337531717166
0.280181506194
0.319015890009
0.23897009293
0.350927861249
0.0631319971776
0.308240752479
0.310421319499
0.295456370829
0.323188759501
0.292320315576
0.310807772531
0.324399243256
0.276793219693
0.316092500283
0.256860377669
0.25456158746
0.278365427652
0.211098984443
0.287065082434
0.348657187202
0.345808339142
0.11073248485
0.308264159483
0.109272382853
0.361957661095
0.346454774236
0.369413984276
0.0824195158263
0.314725547054
0.339574145727
0.351174666393
0.318270187868
0.344541210608
0.312594497847
0.31694111787
0.302016260581
0.33461354953
0.330473288548
0.295667775957
0.302219026082
0.323765119027
0.160967923028
0.339491340217
0.286940980683
0.328974429987
0.357884145732
0.204965656995
0.138009665637
0.192249954785
0.244387666924
0.351089989199
0.262780763297
0.296165123369
0.315797797231
0.290654546881
0.277210088158
0.31265272586
0.332807418466
0.060711405031
0.208263156414
0.28461055631
0.17033660041
0.300836252719
0.293375937614
0.15741113091
0.0493141654232
0.248448254596
0.265077044838
0.243069243533
-0.0849068569466
0.262594013087
0.305519639486
0.127275478414
0.320856737693
0.29348547433
0.303066665074
0.309950277016
0.256250039659
0.283106601183
0.244518067579
0.357943136159
0.159405094597
0.283157479778
0.272924187681
0.243487487854
0.317917035418
0.265304983766
0.292802161299
0.314392297578
0.0962670090229
0.325958144277
0.331815470724
0.304478328359
0.190789255813
0.342184540741
0.314066731015
0.230055209349
0.274148285592
0.25180397052
0.145852219478
0.274860975206
0.243463723551
0.202749581582
0.293105473168
0.31486977822
0.200548258812
0.266050651707
0.00717442629322
0.100022513799
0.31904166119
0.274718803804
0.266503421427
0.285027432827
0.33068083717
0.280519635702
0.303986830738
0.322977775727
0.288451544522
0.284870597101
0.29562465157
0.31190412306
0.273992933069
0.356293057091
0.330739962354
0.270444942162
0.153952929467
0.283429156856
0.295269264915
0.176599819427
0.242275500927
0.329739254861
0.183204838159
0.278171239742
0.220368267846
0.29666844478
0.347239222298
0.311187948503
0.235806573363
0.26536347911
0.31568438384
0.19536567753
0.272108503562
0.265254236584
0.299727127446
0.31677468248
0.294724714865
0.277973553205
0.318192589907
0.214139840014
0.281277593351
0.306638999071
0.345062958842
0.29227910198
0.30974211443
0.338331109392
0.00227519149603
0.23185317871
0.355670141794
0.259287651573
0.318448460687
0.290078453549
0.333334511117
0.337244461868
0.16633806357
0.321207904087
0.349053030017
0.228388216885
0.104469825933
0.118802044143
0.112505888181
0.365828944332
0.293416934842
0.305484424307
0.183209979527
0.358297994465
0.321509042491
0.0124326965237
0.318279433046
0.023702360919
0.203448631677
0.305675773858
0.286835017232
0.277729358751
0.305519702198
0.142190267393
0.354045962884
0.33636252294
0.101418764223
0.311283927533
0.313701570381
0.337471975033
0.325414162066
0.235099189422
0.313898236601
0.333510380291
0.347977122571
0.278306511098
0.228113678493
-0.0182385898436
0.284376023045
0.341694260104
0.262701568541
0.221457293379
0.321661146757
0.300831308744
0.287109971711
0.276376097349
0.359496004342
0.194587118499
0.301600924803
0.29103679421
0.329953428554
0.0110344087156
0.0777556395428
0.228396747959
0.260751003968
0.28288094343
0.257855176404
0.318990427021
0.280212533462
0.300782279613
0.212467961918
0.292155341892
0.191516178138
0.302841980645
0.322133322691
0.318877828845
0.311479982353
0.333445578428
0.318570158055
0.199237899243
0.247061081664
0.147701659268
0.286555509016
0.302112140408
0.184845601469
0.302419104847
0.331298550591
0.314810710926
0.0951859499778
0.277011563121
0.343084761235
0.302837027711
0.304010101481
0.274657535081
0.199724315055
0.302059134125
0.298612836828
0.316910104448
0.144741638593
0.30133580999
0.323478042757
0.325072229629
0.128063325544
0.271409641462
0.316421792387
0.335792820102
0.0174052714759
0.16122784534
0.331755327406
0.317291489478
0.324215498191
0.12421507122
0.0419948283842
0.331730230017
0.153397871856
0.268165942035
0.3080951721
0.306643580149
0.260049481638
0.330853410021
0.317838434479
0.278311237118
0.31367354388
0.246625775436
0.298142086018
0.301121273006
0.233207204799
0.162406101961
0.289452927623
0.284148741002
0.311320818246
0.340026295241
0.130572620982
0.263204301997
0.285056668828
0.268686531248
0.0159992171529
0.321889958113
0.320971705689
0.270723535339
0.289455161933
0.332726099475
0.279873499813
0.321505135567
0.279428881173
0.326719433133
0.218215684973
0.29298373168
0.323297616188
0.126152691879
0.111440214981
0.332421770729
0.295535376777
0.303405243131
0.263779537874
0.310964123337
0.155067007613
0.30070794703
0.204378998237
0.326482854506
0.305455647105
0.270848369623
0.289889372279
0.275013752445
0.292863028398
0.341994894476
0.344052955824
0.308930186649
0.315165437719
0.31389506284
0.310527877556
0.245627951884
-0.0375159138958
0.31733827656
0.0987983673757
0.290098018088
0.164119695561
0.28980949905
0.328307547185
0.137797002806
0.284850780361
0.132815596811
0.149816389793
0.280149510364
0.263249367378
0.252914922302
0.339443623545
0.117245106449
0.194977923874
0.174208492119
0.292062488835
0.20606433932
0.312614380133
0.175129633018
0.0426917272027
0.316400679898
0.274454553611
0.032275266007
0.229692033158
0.318455079549
0.282747831254
0.0776339470596
0.129651675286
0.1789280303
0.159738246774
0.258790661108
0.102065094019
0.290892262169
0.291109148762
0.132955990139
0.297972012062
0.320501235812
0.322074372823
0.236147612199
0.31159103367
0.31100364856
0.324597294639
0.312962364037
0.302713458587
0.298574078059
0.345261973725
0.281252368377
0.315276731639
0.310892274443
0.181334059527
0.186690568104
0.274216804888
0.214238230231
0.193767245711
0.275118272421
0.353928927136
0.220653098206
0.347596976011
0.355158200488
0.273070776837
0.336927596317
0.257660270022
0.27877527245
0.246093923193
0.326053773906
0.313972407727
0.190110943575
0.193086052463
0.258053458404
0.168974787395
0.270453366202
0.311122577594
0.212226727515
0.141206139559
0.193466288817
0.317264878524
0.155395734694
0.331012973316
0.24508961732
0.370040337271
0.278693649818
0.298108744392
0.171752193623
0.127494097376
0.301761854051
0.331170735981
0.0934627900795
0.18751539679
0.33166606567
0.0684259842571
0.306412743809
0.260364478285
0.315846794666
0.314010623383
0.164246888469
0.194446266991
0.298375877198
0.252837625827
0.261185283121
0.32217898958
0.262795834555
-0.0115376504201
0.134729413858
0.341368959658
0.350481277162
0.289386249069
0.0535226277604
0.323971208969
-0.0239379327846
0.279221227148
0.307213163237
0.328682747428
0.152822617782
0.0641777646094
0.1724696003
0.298741935972
0.31573061755
0.33621068403
0.335568479074
0.14826884626
0.306731432862
0.330385268874
0.122308346231
0.285802083945
0.298860134787
0.313403967889
0.266317234198
0.302432252363
0.321960504822
0.27679656278
0.309279059953
0.132229907765
0.278019177974
0.270366021531
0.356298737229
0.318353158088
0.230052825042
0.283083478964
0.0600279617748
0.126860644082
0.353716535442
0.295928446041
0.266773958592
0.278510046128
0.249839552677
-0.349077907029
0.326412161127
0.300790860332
0.355910217362
0.295856278217
0.173431060857
0.278924213788
0.334223875431
0.271257988454
