0.40239274855
0.371947279492
0.343509823065
0.385374496709
0.367424312943
0.314052724829
0.393619523711
0.398738115012
0.266188927637
0.348274463652
0.317461322149
0.339255702002
0.365702767366
0.343007407725
0.3803934072
0.329382653625
0.361165930452
0.373454204598
0.358285380713
0.389097656178
0.409781037001
0.362339040638
0.370590444767
0.372598397734
0.360303876872
0.334127127412
0.394730141142
0.368705681482
0.359626865981
0.3219231781
0.313959781449
0.314802248287
0.434011290776
0.373636647975
0.337002825915
0.365481719313
0.36406398174
0.350150342952
0.314738916121
0.32278455822
0.425658354779
0.414410649735
0.36435232682
0.332529517488
0.374096238423
0.331401477237
0.375846442649
0.342008758567
0.404176915289
0.271839303798
0.411436842824
0.362652379398
0.406165631369
0.331652310425
0.386105801508
0.36470701024
0.44024386577
0.380073597845
0.390130725757
0.372958558309
0.362243045759
0.374559556296
0.343795921501
0.377406849032
0.361787582953
0.314922241913
0.301021285164
0.312502978558
0.368793519322
0.359263494933
0.290381969528
0.393812519914
0.371165767186
0.295093743087
0.348816877193
0.427475135706
0.391871947223
0.414568799299
0.408526735169
0.27884536707
0.357239587227
0.388974374773
0.38679931403
0.372743278648
0.407981448176
0.350768938348
0.405121160773
0.320202797749
0.36312907917
0.336564584584
0.305309847633
0.398425649365
0.312075435908
0.416586287356
0.325063000514
0.317768597457
0.408010924862
0.405694334833
0.382034621507
0.416759853551
0.393164925408
0.384966442329
0.393066697215
0.339492422776
0.39033309712
0.376248421549
0.385072595775
0.349529726667
0.353149578953
0.409705470893
0.365545699243
0.351935731494
0.288209360735
0.329314421194
0.398293743588
0.442246369412
0.387696509547
0.386713551491
0.385156630628
0.406193093814
0.385382372687
0.363418866336
0.28632557718
0.350918373961
0.280103375948
0.383571536269
0.358159904418
0.497899249705
0.389170951749
0.394527305359
0.405274925676
0.436715447881
0.254227049038
0.391183123293
0.33727962845
0.367846329907
0.361342082952
0.357382600035
0.354324197437
0.333651167505
0.377893016196
0.367623039005
0.348866545967
0.350914198541
0.370669954136
0.390690861031
0.431906839822
0.311057323408
0.359534263194
0.372884645799
0.405978189261
0.381820547785
0.340789521797
0.42408179604
0.344564731725
0.332531439951
0.341919989755
0.353753257335
0.390709790461
0.379270798381
0.322361440527
0.297517761108
0.351981431004
0.377815028151
0.405582218834
0.339338031072
0.425320851145
0.303672567264
0.334372851027
0.353226309171
0.357319296895
0.331764685035
0.377664465296
0.352654545257
0.383426905858
0.355894945953
0.371881905158
0.346450925136
0.352729924057
0.401626829336
0.354606018271
0.407492395589
0.338276535902
0.366129602536
0.453675170839
0.365006362828
0.385124593788
0.404459849479
0.393675428179
0.354052036192
0.369782542339
0.354503940248
0.290828276098
0.426633357676
0.410266399576
0.374450369905
0.347124885641
0.344463050038
0.46058251317
0.360760499294
0.367016847939
0.294178546707
0.351385466897
0.37243120501
0.389167047036
0.39819035995
0.364282383431
0.398600451224
0.364525405422
0.404742138172
0.329094525417
0.407611629217
0.375001494379
0.387665578299
0.413933082769
0.456288222853
0.398870011784
0.373701478762
0.377341439754
0.355920340314
0.419246564467
0.359917070911
0.331075940696
0.414613886115
0.280656634429
0.365842436009
0.350425015895
0.409714673364
0.303257580137
0.330508581207
0.409346579959
0.390596916253
0.401134047286
0.422166540711
0.255789339257
0.365877274796
0.306782348923
0.38570109352
0.354506712709
0.421372098426
0.369230813562
0.369616216579
0.335179695126
0.425573863858
0.334181448648
0.344111760943
0.373353454834
0.341899408663
0.423677430609
0.333418751666
0.330995270786
0.393947640654
0.349674682217
0.392570630513
0.345238893165
0.293892777279
0.387612604866
0.353938089714
0.356504478179
0.426590920013
0.411107429442
0.3881660151
0.398986538652
0.369226210761
0.389231569069
0.410395224288
0.383829924704
0.398586603077
0.400229631302
0.341606113206
0.467767282181
0.27855615862
0.309913808844
0.343834119722
0.373177254693
0.411856894218
0.411008425278
0.347361306576
0.362192908672
0.408463264359
0.383474604053
0.361405006307
0.414616124208
0.33223259057
0.469438171486
0.345396107259
0.430665339546
0.381038690247
0.310026574737
0.339015457077
0.340689787891
0.341328682945
0.371945613117
0.365480804278
0.388855953159
0.393141607656
0.353938448859
0.344752018092
0.402807412617
0.344946421435
0.377624480835
0.383121523406
0.416179156581
0.41120433279
0.403319401376
0.376570018821
0.35847152927
0.370302498955
0.36495042622
0.319505642263
0.404167362072
0.348477855992
0.363666949911
0.314994916349
0.364703727112
0.326651148951
0.301673483066
0.368017795564
0.366694347198
0.37236224526
0.38742551065
0.380781357434
0.415130389296
0.349320122882
0.389055234726
0.338765600495
0.342233876422
0.313173657881
0.372855806949
0.344196039827
0.384343201835
0.371475048031
0.330551796023
0.341387510477
0.372563279894
0.36743349255
0.410413318348
0.372000883741
0.376718571891
0.397351825427
0.374977849987
0.378918501135
0.385260854572
0.412645843847
0.357262985106
0.363198757114
0.378789685073
0.415632963936
0.375808445737
0.3489546566
0.352767628141
0.40299125685
0.35969134699
0.381068729323
0.36246906985
0.382561597325
0.409078317324
0.374618643139
0.366327183312
0.399424843708
0.444525223911
0.339168824065
0.342236940654
0.37321786523
0.352376223746
0.401187246978
0.413829622807
0.321869890254
0.357462397708
0.402569248512
0.298523360166
0.398433499742
0.338099510946
0.325862180024
0.330216989259
0.35941212935
0.427418919152
0.394839217947
0.396886018142
0.38125371225
0.351164698713
0.371941135537
0.353723936111
0.361058912585
0.421045050052
0.42923794231
0.277465733082
0.380028597144
0.397603767076
0.327277745554
0.351652677472
0.37537653749
0.364588457258
0.351714417516
0.38971127212
0.360294313529
0.357389495468
0.371581428643
0.396823442713
0.430301145246
0.44099330229
0.27269775706
0.386113868894
0.402022124036
0.392265522479
0.375734220017
0.353809520941
0.388979099661
0.443259808935
0.383993019905
0.352838844958
0.410624679436
0.41761996237
0.349571372713
0.38879983944
0.396040299154
0.414217853978
0.370775867122
0.423686265239
0.43631736519
0.367630638688
0.363312802126
0.386601641862
0.262104622161
0.342219006773
0.332822308015
0.410943266241
0.357135302336
0.417030536955
0.371853356289
0.381866942309
0.381819716166
0.325604430078
0.355385466005
0.378930029833
0.373986664851
0.324762129105
0.41104798415
0.344657325823
0.35316073664
0.383906060244
0.290346246538
0.426548781042
0.375597054544
0.444767811819
0.413894554849
0.404991312421
0.336200179504
0.384136198144
0.295071379187
0.353145130538
0.414627245716
0.437635617523
0.356904284927
0.412654331972
0.337394172535
0.449257316093
0.393350990663
0.348227045717
0.329329048008
0.326449327119
0.368100287408
0.376154141054
0.378959915753
0.352409875059
0.420848782342
0.329075564449
0.35617973221
0.40272213049
0.386470714152
0.35886268987
0.378854453228
0.36510852053
0.382871295131
0.360881497342
0.37854922588
0.408146655828
0.287263556382
0.351919490684
0.315783384412
0.408816494798
0.314489898069
0.368049793392
0.388147957347
0.333929170779
0.344020498693
0.374637687353
0.408632990662
0.326011351422
0.318188398306
0.28171801963
0.338839616565
0.370093669876
0.325736973782
0.425255541493
0.352585888
0.420789180478
0.369200732657
0.4392542031
0.324695139212
0.344059822577
0.418379608842
0.344748614452
0.378451614617
0.43117138581
0.369817967766
0.267230075193
0.361250591399
0.347353052295
0.397797397039
0.337494141801
0.346025308158
0.382491234097
0.340651383526
0.280345023087
0.430059104522
0.297362891959
0.300913533671
0.403073136391
0.373514371435
0.360090458164
0.382215271591
0.327342259093
0.375378351441
0.400343883029
0.320329445768
0.339318660069
0.369931414215
0.384508947429
0.394377182264
0.328781130414
0.423671067851
0.371799191347
0.407052217639
0.426336174445
0.319535866481
0.411666900371
0.364836524551
0.427215109839
0.351938462109
0.294550944343
0.363219949105
0.311100895593
0.336194838502
0.399451304805
0.360502122172
0.389349322505
0.350814515361
0.39087800037
0.42295065727
0.441762855735
0.353820325342
0.354605979927
0.367996503518
0.315488415071
0.429017088971
0.373818659548
0.300168470739
0.385760796524
0.352699567689
0.31736344681
0.334918663591
0.378719523159
0.312351676165
0.394837984876
0.418712314273
0.269867848484
0.394033288154
0.403755327635
0.362208717949
0.430441055165
0.356742135171
0.378960476727
0.370922807609
0.353035281335
0.357302882585
0.318503274418
0.413691358728
0.358943971369
0.367833756336
0.410980498277
0.294658231188
0.365484321559
0.372658889808
0.352789382602
0.405736079324
0.404867480937
0.383026739185
0.376127753207
0.385367210966
0.394739562759
0.362494891024
0.308658161399
0.33393827449
0.387212998966
0.407586791066
0.354332869656
0.425360029063
0.273440396373
0.34165111846
0.392815040431
0.373947653667
0.381271504122
0.370833108208
0.395603677158
0.364251296484
0.357175238394
0.399190693396
0.359066612309
0.337631850832
0.344577993095
0.384202408327
0.333484827373
0.320314681149
0.360539745947
0.406893333206
0.344032832602
0.32696684721
0.371063726963
0.356885205952
0.297674229552
0.362220577653
0.362427132337
0.391672356465
0.411095242753
0.36223008171
0.38908852999
0.31069111398
0.322203291973
0.427892172652
0.352551995394
0.405881838602
0.393467734569
0.410886657593
0.366117891198
0.320767626023
0.342339677272
0.320246757086
0.421806080277
0.277899637636
0.353906345097
0.347851378632
0.378750168203
0.39111151341
0.419451361776
0.405852906788
0.359759819702
0.321645419115
0.337298890234
0.375118593262
0.342771337712
0.343370520176
0.41590975499
0.376056106439
0.391350658539
0.304264004342
0.407999751428
0.379198162914
0.365551351964
0.377642565132
0.384384173714
0.347824109438
0.394192695311
0.452152834675
0.433633753739
0.425173531689
0.403207019544
0.3789709435
0.414129769083
0.432050050476
0.364799438594
0.357126539464
0.346971533093
0.404495694583
0.360579035109
0.357399645299
0.393418021506
0.359459543586
0.356793075667
0.381995258128
0.424612143368
0.322717988433
0.320348963179
0.323947977476
0.362616759656
0.277156932557
0.341197573399
0.290563994693
0.348207305776
0.36367906566
0.410248168059
0.360030514953
0.365029397155
0.407515793805
0.350966983676
0.35785884794
0.288871820786
0.383827615784
0.272556219382
0.365268432758
0.378578269652
0.317912337818
0.379014668923
0.411797789363
0.347643105227
0.328474575283
0.374682804177
0.376576174082
0.381612530919
0.333066491074
0.391421594301
0.344130176271
0.369712985782
0.406448535864
0.370235327661
0.383632673963
0.395101298645
0.381925073092
0.418819565692
0.37315375097
0.436813783368
0.302882480932
0.270863667932
0.38044314691
0.426839736485
0.367720830506
0.318892691234
0.389229901678
0.466095700888
0.356456477814
0.327782221378
0.373956696778
0.390182523584
0.325375136289
0.399035845151
0.245675882216
0.359722077909
0.355617550031
0.342300703685
0.365458430406
0.430194156184
0.415804199674
0.431858632621
0.417340750974
0.353954923959
0.408041868743
0.356375005434
0.394967389491
0.400609427172
0.402340256034
0.375222170228
0.341410363366
0.331300757119
0.284333184458
0.264139165882
0.299216619389
0.241105268792
0.30425839097
0.281543144275
0.403464378218
0.359794013755
0.37400268336
0.379249049856
0.323375779482
0.40709455336
0.41950564063
0.352024181911
0.339087702827
0.411776857083
0.379810944665
0.318389658315
0.356308524822
0.40541936497
0.371997616355
0.395161778824
0.375324461594
0.39141138741
0.431077654181
0.429713743712
0.36511755086
0.320713130283
0.388106717067
0.408587736279
0.389131281896
0.387148822181
0.396396080773
0.31225336629
0.380373245701
0.378259296602
0.310598699539
0.351019601564
0.410189746216
0.351293603987
0.294968156157
0.409193320133
0.409262059603
0.35806339596
0.37457151373
0.358172907822
0.338130333944
0.400774967951
0.390038708854
0.388807186149
0.388402065702
0.377281385378
0.439759742241
0.375462873354
0.38434029861
0.333910906909
0.33747972962
0.410286760231
0.278467778186
0.337419375282
0.335975735944
0.336316227137
0.384401799678
0.368780254297
0.349639696918
0.329602199018
0.401143284369
0.354106002874
0.405194439126
0.389846930686
0.365160831293
0.436437864957
0.37145273546
0.391911640617
0.369890389381
0.319071098667
0.424319335121
0.326588250529
0.384104375715
0.355952458764
0.390497541496
0.35733874421
0.320747355265
0.286997686653
0.41317439599
0.451720820691
0.336670990637
0.358614892834
0.362008886359
0.357131020634
0.381416167415
0.371356922799
0.403555198782
0.35574499079
0.38556743298
0.239964368892
0.396799673139
0.348953667206
0.412495603705
0.317856893245
0.32806501569
0.324764949915
0.299945608067
0.405120182604
0.381462495937
0.362643397867
0.402132926404
0.353440214943
0.313543015649
0.426844580029
0.470167803137
0.347936358944
0.312041154067
0.386305063453
0.347463865669
0.425752171814
0.434570597912
0.36083594034
0.333942092521
0.370827372643
0.312144818969
0.343179702126
0.300198387149
0.330505318334
0.312040436992
0.337562191701
0.410357697038
0.345527485198
0.317937590215
0.39207996657
0.238680520397
0.357963579156
0.381020916953
0.334852593253
0.417140405549
0.439997667424
0.352578960336
0.351643670915
0.423260556011
0.340494643799
0.421491664489
0.396543666765
0.337001907062
0.3865854754
0.322803065453
0.373854823453
0.346992568163
0.365088914632
0.411331613343
0.469915666211
0.360058456276
0.308066937321
0.355559594106
0.33078366534
0.410316259609
0.343598073945
0.340902175861
0.344663581822
0.363740494783
0.276325696045
0.275993753557
0.379445573584
0.371721825113
0.385802625278
0.400459199134
0.407095641784
0.311033793968
0.351106913132
0.266049520134
0.368044914607
0.403258189053
0.323047490737
0.406785616986
0.36914000563
0.310166451541
0.382038721308
0.316165656914
0.363352594916
0.388126689551
0.434622788056
0.360897713638
0.362787093221
0.438587605616
0.368318687766
0.419641259682
0.370165971276
0.390018792002
0.439159244906
0.328801406807
0.353157744983
0.367757711478
0.362971873034
0.405611587657
0.354589024721
0.343786179263
0.349013696032
0.384291880805
0.379112210155
0.321655741225
0.402929358801
0.318007715424
0.380524622638
0.379662193424
0.316213941679
0.352345580593
0.334598903798
0.418441700362
0.406943221834
0.426720215956
0.378990792858
0.351331778727
0.34222823724
0.380151838619
0.351228021958
0.320335603801
0.387879265122
0.353130991895
0.355359038103
0.293477891231
0.349982857398
0.320741799035
0.394461223546
0.352887147587
0.375947127488
0.300564373756
0.348880907399
0.399896612469
0.427324033058
0.328369363472
0.384922973151
0.307499843591
0.355860672299
0.377510545376
0.371010132621
0.295101237966
0.35740530614
0.319604212136
0.420579046079
0.311053651868
0.381621820376
0.335139281248
0.31585663288
0.422921696716
0.342738275747
0.358319937119
0.452779124924
0.362808225713
0.3776859309
0.364162882951
0.338625745425
0.318639805167
0.297431897573
0.376116471012
0.418098337926
0.319954289979
0.398595295137
0.328639273066
0.39513134031
